0 0 0 1 3 5 7 2 0 4 6
0 0 1 1 0 5 7 2 3 4 6
0 0 1 1 3 5 7 0 2 4 6
0 0 2 0 1 5 7 2 3 4 6
0 0 2 1 5 0 7 2 3 4 6
0 0 4 1 0 5 7 3 2 4 6
0 0 4 7 1 5 0 2 3 4 6
0 0 5 3 1 5 7 2 0 4 6
0 0 3 1 5 7 0 2 3 4 6
0 0 5 1 5 0 7 3 2 4 6
0 0 7 7 1 5 4 2 3 0 6
0 0 6 3 1 5 7 0 2 4 6
0 0 4 1 5 7 6 2 3 4 0
0 0 6 1 5 7 4 2 3 0 6
0 0 6 1 5 7 0 3 2 4 6
0 0 8 7 1 5 4 2 3 6 0
0 0 9 3 0 5 7 1 2 4 6
0 0 7 1 5 0 6 2 3 4 7
0 0 7 1 5 7 4 2 3 6 0
0 0 9 1 5 7 4 3 2 0 6
0 0 11 7 1 0 4 2 3 6 5
0 0 10 3 5 0 7 1 2 4 6
0 0 8 1 0 5 6 2 3 4 7
0 0 8 1 5 6 0 2 3 4 7
0 0 10 1 5 0 4 2 3 6 7
0 0 10 1 5 7 4 3 2 6 0
0 0 12 7 1 4 0 2 3 6 5
0 0 11 3 5 7 0 1 2 4 6
0 0 9 0 1 5 6 2 3 4 7
0 0 11 1 5 6 4 2 3 0 7
0 0 11 1 5 4 0 2 3 6 7
0 0 13 1 5 0 4 3 2 6 7
0 0 15 7 1 4 6 2 3 0 5
0 0 14 3 5 7 4 1 2 0 6
0 0 12 3 1 5 6 2 0 4 7
0 0 12 1 5 6 4 2 3 7 0
0 0 13 0 5 4 1 2 3 6 7
0 0 14 1 5 4 0 3 2 6 7
0 0 16 7 1 4 6 2 3 5 0
0 0 15 3 5 7 4 1 2 6 0
0 0 13 3 1 5 6 2 4 0 7
0 0 14 1 5 6 4 0 3 7 2
0 0 14 5 0 4 1 2 3 6 7
0 0 16 3 5 4 1 2 0 6 7
0 0 17 1 5 4 6 3 2 0 7
0 0 19 7 1 0 6 2 3 5 4
0 0 18 3 5 0 4 1 2 6 7
0 0 14 3 1 5 6 2 4 7 0
0 0 17 1 0 6 4 5 3 7 2
0 0 15 5 4 0 1 2 3 6 7
0 0 17 3 5 4 1 2 6 0 7
0 0 18 1 5 4 6 3 2 7 0
0 0 20 7 1 6 0 2 3 5 4
0 0 19 3 5 4 0 1 2 6 7
0 0 17 3 1 0 6 2 4 7 5
0 0 18 1 6 0 4 5 3 7 2
0 0 16 5 4 1 0 2 3 6 7
0 0 18 3 5 4 1 2 6 7 0
0 0 21 1 5 0 6 3 2 7 4
0 0 23 7 1 6 5 2 3 0 4
0 0 22 3 5 4 6 1 2 0 7
0 0 18 3 1 6 0 2 4 7 5
0 0 19 1 6 4 0 5 3 7 2
0 0 19 5 4 1 6 2 3 0 7
0 0 21 3 5 0 1 2 6 7 4
0 0 22 1 5 6 0 3 2 7 4
0 0 24 7 1 6 5 2 3 4 0
0 0 23 3 5 4 6 1 2 7 0
0 0 21 3 1 6 7 2 4 0 5
0 0 22 1 6 4 7 5 3 0 2
0 0 20 5 4 1 6 2 3 7 0
0 0 22 3 5 1 0 2 6 7 4
0 0 25 1 5 6 7 3 2 0 4
0 0 26 7 1 6 5 0 3 4 2
0 0 26 3 5 0 6 1 2 7 4
0 0 22 3 1 6 7 2 4 5 0
0 0 23 1 6 4 7 5 3 2 0
0 0 23 5 4 0 6 2 3 7 1
0 0 24 0 5 1 3 2 6 7 4
0 0 25 3 5 1 7 2 6 0 4
0 0 26 1 5 6 7 3 2 4 0
0 0 29 7 0 6 5 1 3 4 2
0 0 27 3 5 6 0 1 2 7 4
0 0 25 3 1 0 7 2 4 5 6
0 0 26 1 6 0 7 5 3 2 4
0 0 24 5 4 6 0 2 3 7 1
0 0 27 6 5 1 3 2 0 7 4
0 0 26 3 5 1 7 2 6 4 0
0 0 28 1 5 6 7 0 2 4 3
0 0 30 7 6 0 5 1 3 4 2
0 0 30 3 5 6 7 1 2 0 4
0 0 26 3 1 7 0 2 4 5 6
0 0 27 1 6 7 0 5 3 2 4
0 0 27 5 4 6 7 2 3 0 1
0 0 28 6 5 1 3 2 7 0 4
0 0 29 3 5 0 7 2 6 4 1
0 0 31 1 0 6 7 5 2 4 3
0 0 31 7 6 5 0 1 3 4 2
0 0 31 3 5 6 7 1 2 4 0
0 0 29 3 1 7 5 2 4 0 6
0 0 30 1 6 7 2 5 3 0 4
0 0 28 5 4 6 7 2 3 1 0
0 0 29 6 5 1 3 2 7 4 0
0 0 30 3 5 7 0 2 6 4 1
0 0 32 1 6 0 7 5 2 4 3
0 0 34 7 6 5 4 1 3 0 2
0 0 33 3 5 6 7 0 2 4 1
0 0 30 3 1 7 5 2 4 6 0
0 0 31 1 6 7 2 5 3 4 0
0 0 31 5 4 0 7 2 3 1 6
0 0 32 6 5 0 3 2 7 4 1
0 0 33 3 5 7 4 2 6 0 1
0 0 33 1 6 7 0 5 2 4 3
0 0 35 7 6 5 4 1 3 2 0
0 0 36 3 0 6 7 5 2 4 1
0 0 33 3 1 0 5 2 4 6 7
0 0 34 1 6 0 2 5 3 4 7
0 0 32 5 4 7 0 2 3 1 6
0 0 33 6 5 3 0 2 7 4 1
0 0 34 3 5 7 4 2 6 1 0
0 0 36 1 6 7 4 5 2 0 3
0 0 38 7 6 0 4 1 3 2 5
0 0 37 3 6 0 7 5 2 4 1
0 0 34 3 1 5 0 2 4 6 7
0 0 35 1 6 2 0 5 3 4 7
0 0 35 5 4 7 1 2 3 0 6
0 0 36 6 5 3 4 2 7 0 1
0 0 37 3 5 0 4 2 6 1 7
0 0 37 1 6 7 4 5 2 3 0
0 0 39 7 6 4 0 1 3 2 5
0 0 38 3 6 7 0 5 2 4 1
0 0 36 0 1 5 3 2 4 6 7
0 0 38 1 6 2 4 5 3 0 7
0 0 36 5 4 7 1 2 3 6 0
0 0 37 6 5 3 4 2 7 1 0
0 0 38 3 5 4 0 2 6 1 7
0 0 40 1 6 0 4 5 2 3 7
0 0 42 7 6 4 2 1 3 0 5
0 0 41 3 6 7 4 5 2 0 1
0 0 39 4 1 5 3 2 0 6 7
0 0 39 1 6 2 4 5 3 7 0
0 0 38 5 4 7 1 0 3 6 2
0 0 40 6 5 0 4 2 7 1 3
0 0 40 0 5 4 3 2 6 1 7
0 0 41 1 6 4 0 5 2 3 7
0 0 43 7 6 4 2 1 3 5 0
0 0 42 3 6 7 4 5 2 1 0
0 0 40 4 1 5 3 2 6 0 7
0 0 40 1 6 2 0 5 3 7 4
0 0 39 0 4 7 1 5 3 6 2
0 0 41 5 0 7 1 4 3 6 2
0 0 41 6 5 4 0 2 7 1 3
0 0 43 6 5 4 3 2 0 1 7
0 0 44 1 6 4 3 5 2 0 7
0 0 46 7 6 0 2 1 3 5 4
0 0 45 3 6 0 4 5 2 1 7
0 0 41 4 1 5 3 2 6 7 0
0 0 42 0 6 2 1 5 3 7 4
0 0 42 3 4 7 1 5 0 6 2
0 0 42 5 7 0 1 4 3 6 2
0 0 44 6 5 4 1 2 7 0 3
0 0 44 6 5 4 3 2 1 0 7
0 0 45 1 6 4 3 5 2 7 0
0 0 47 7 6 2 0 1 3 5 4
0 0 46 3 6 4 0 5 2 1 7
0 0 44 4 1 0 3 2 6 7 5
0 0 45 3 6 2 1 5 0 7 4
0 0 43 3 4 7 1 5 6 0 2
0 0 43 5 7 1 0 4 3 6 2
0 0 45 6 5 4 1 2 7 3 0
0 0 45 6 5 4 3 2 1 7 0
0 0 48 1 6 0 3 5 2 7 4
0 0 50 7 6 2 5 1 3 0 4
0 0 49 3 6 4 1 5 2 0 7
0 0 45 4 1 3 0 2 6 7 5
0 0 46 3 6 2 1 5 7 0 4
0 0 44 3 4 7 1 5 6 2 0
0 0 46 5 7 1 6 4 3 0 2
0 0 48 6 5 0 1 2 7 3 4
0 0 48 6 5 0 3 2 1 7 4
0 0 49 1 6 3 0 5 2 7 4
0 0 51 7 6 2 5 1 3 4 0
0 0 50 3 6 4 1 5 2 7 0
0 0 48 4 1 3 7 2 6 0 5
0 0 47 3 6 2 1 5 7 4 0
0 0 47 3 4 0 1 5 6 2 7
0 0 47 5 7 1 6 4 3 2 0
0 0 49 6 5 1 0 2 7 3 4
0 0 49 6 5 3 0 2 1 7 4
0 0 52 1 6 3 7 5 2 0 4
0 0 53 7 6 2 5 0 3 4 1
0 0 53 3 6 0 1 5 2 7 4
0 0 49 4 1 3 7 2 6 5 0
0 0 50 3 6 0 1 5 7 4 2
0 0 48 3 4 1 0 5 6 2 7
0 0 50 5 7 0 6 4 3 2 1
0 0 51 0 5 1 6 2 7 3 4
0 0 52 6 5 3 7 2 1 0 4
0 0 53 1 6 3 7 5 2 4 0
0 0 56 7 0 2 5 6 3 4 1
0 0 54 3 6 1 0 5 2 7 4
0 0 52 4 1 0 7 2 6 5 3
0 0 51 3 6 1 0 5 7 4 2
0 0 51 3 4 1 2 5 6 0 7
0 0 51 5 7 6 0 4 3 2 1
0 0 54 7 5 1 6 2 0 3 4
0 0 53 6 5 3 7 2 1 4 0
0 0 55 1 6 3 7 0 2 4 5
0 0 57 7 2 0 5 6 3 4 1
0 0 57 3 6 1 7 5 2 0 4
0 0 53 4 1 7 0 2 6 5 3
0 0 54 3 6 1 4 5 7 0 2
0 0 52 3 4 1 2 5 6 7 0
0 0 54 5 7 6 2 4 3 0 1
0 0 55 7 5 1 6 2 3 0 4
0 0 56 6 5 0 7 2 1 4 3
0 0 58 1 0 3 7 6 2 4 5
0 0 58 7 2 5 0 6 3 4 1
0 0 58 3 6 1 7 5 2 4 0
0 0 56 4 1 7 5 2 6 0 3
0 0 55 3 6 1 4 5 7 2 0
0 0 55 3 4 0 2 5 6 7 1
0 0 55 5 7 6 2 4 3 1 0
0 0 56 7 5 1 6 2 3 4 0
0 0 57 6 5 7 0 2 1 4 3
0 0 59 1 3 0 7 6 2 4 5
0 0 61 7 2 5 4 6 3 0 1
0 0 60 3 6 1 7 0 2 4 5
0 0 57 4 1 7 5 2 6 3 0
0 0 58 3 6 0 4 5 7 2 1
0 0 56 3 4 2 0 5 6 7 1
0 0 58 5 7 0 2 4 3 1 6
0 0 59 7 5 0 6 2 3 4 1
0 0 60 6 5 7 4 2 1 0 3
0 0 60 1 3 7 0 6 2 4 5
0 0 62 7 2 5 4 6 3 1 0
0 0 63 3 0 1 7 6 2 4 5
0 0 60 4 1 0 5 2 6 3 7
0 0 59 3 6 4 0 5 7 2 1
0 0 59 3 4 2 7 5 6 0 1
0 0 59 5 7 2 0 4 3 1 6
0 0 60 7 5 6 0 2 3 4 1
0 0 61 6 5 7 4 2 1 3 0
0 0 63 1 3 7 4 6 2 0 5
0 0 65 7 2 0 4 6 3 1 5
0 0 64 3 1 0 7 6 2 4 5
0 0 61 4 1 5 0 2 6 3 7
0 0 62 3 6 4 2 5 7 0 1
0 0 60 3 4 2 7 5 6 1 0
0 0 62 5 7 2 1 4 3 0 6
0 0 63 7 5 6 4 2 3 0 1
0 0 64 6 5 0 4 2 1 3 7
0 0 64 1 3 7 4 6 2 5 0
0 0 66 7 2 4 0 6 3 1 5
0 0 65 3 1 7 0 6 2 4 5
0 0 63 0 1 5 4 2 6 3 7
0 0 63 3 6 4 2 5 7 1 0
0 0 63 3 4 0 7 5 6 1 2
0 0 63 5 7 2 1 4 3 6 0
0 0 64 7 5 6 4 2 3 1 0
0 0 65 6 5 4 0 2 1 3 7
0 0 67 1 3 0 4 6 2 5 7
0 0 69 7 2 4 1 6 3 0 5
0 0 68 3 1 7 4 6 2 0 5
0 0 66 6 1 5 4 2 0 3 7
0 0 66 3 6 0 2 5 7 1 4
0 0 64 3 4 7 0 5 6 1 2
0 0 65 5 7 2 1 0 3 6 4
0 0 67 7 5 0 4 2 3 1 6
0 0 67 0 5 4 6 2 1 3 7
0 0 68 1 3 4 0 6 2 5 7
0 0 70 7 2 4 1 6 3 5 0
0 0 69 3 1 7 4 6 2 5 0
0 0 67 6 1 5 4 2 3 0 7
0 0 67 3 6 2 0 5 7 1 4
0 0 66 0 4 7 3 5 6 1 2
0 0 68 5 0 2 1 7 3 6 4
0 0 68 7 5 4 0 2 3 1 6
0 0 70 1 5 4 6 2 0 3 7
0 0 71 1 3 4 5 6 2 0 7
0 0 73 7 2 0 1 6 3 5 4
0 0 72 3 1 0 4 6 2 5 7
0 0 68 6 1 5 4 2 3 7 0
0 0 69 0 6 2 3 5 7 1 4
0 0 69 6 4 7 3 5 0 1 2
0 0 69 5 2 0 1 7 3 6 4
0 0 71 7 5 4 1 2 3 0 6
0 0 71 1 5 4 6 0 2 3 7
0 0 72 1 3 4 5 6 2 7 0
0 0 74 7 0 2 1 6 3 5 4
0 0 74 7 2 1 0 6 3 5 4
0 0 73 3 1 4 0 6 2 5 7
0 0 71 6 1 0 4 2 3 7 5
0 0 72 7 6 2 3 5 0 1 4
0 0 70 6 4 7 3 5 1 0 2
0 0 70 5 2 1 0 7 3 6 4
0 0 72 7 5 4 1 2 3 6 0
0 0 74 1 0 4 6 5 2 3 7
0 0 75 1 3 0 5 6 2 7 4
0 0 75 0 7 2 1 6 3 5 4
0 0 77 7 2 1 5 6 3 0 4
0 0 76 3 1 4 5 6 2 0 7
0 0 72 6 1 4 0 2 3 7 5
0 0 73 7 6 2 3 5 1 0 4
0 0 71 6 4 7 3 5 1 2 0
0 0 73 5 2 1 6 7 3 0 4
0 0 75 7 5 0 1 2 3 6 4
0 0 75 1 4 0 6 5 2 3 7
0 0 76 1 3 5 0 6 2 7 4
0 0 78 3 7 2 1 6 0 5 4
0 0 78 7 2 1 5 6 3 4 0
0 0 77 3 1 4 5 6 2 7 0
0 0 75 6 1 4 7 2 3 0 5
0 0 74 7 6 2 3 5 1 4 0
0 0 74 6 4 0 3 5 1 2 7
0 0 74 5 2 1 6 7 3 4 0
0 0 76 7 5 1 0 2 3 6 4
0 0 76 1 4 6 0 5 2 3 7
0 0 79 1 3 5 7 6 2 0 4
0 0 79 3 7 2 1 6 5 0 4
0 0 80 7 2 1 5 0 3 4 6
0 0 80 3 1 0 5 6 2 7 4
0 0 76 6 1 4 7 2 3 5 0
0 0 77 7 6 0 3 5 1 4 2
0 0 75 6 4 3 0 5 1 2 7
0 0 77 5 2 0 6 7 3 4 1
0 0 78 0 5 1 7 2 3 6 4
0 0 79 1 4 6 3 5 2 0 7
0 0 80 1 3 5 7 6 0 2 4
0 0 80 3 7 2 1 6 5 4 0
0 0 83 7 0 1 5 2 3 4 6
0 0 81 3 1 5 0 6 2 7 4
0 0 79 6 1 0 7 2 3 5 4
0 0 78 7 6 3 0 5 1 4 2
0 0 78 6 4 3 2 5 1 0 7
0 0 78 5 2 6 0 7 3 4 1
0 0 79 5 0 1 7 2 3 6 4
0 0 80 1 4 6 3 5 2 7 0
0 0 81 1 3 5 7 0 6 2 4
0 0 83 3 7 0 1 6 5 4 2
0 0 84 0 7 1 5 2 3 4 6
0 0 84 3 1 5 7 6 2 0 4
0 0 80 6 1 7 0 2 3 5 4
0 0 81 7 6 3 4 5 1 0 2
0 0 79 6 4 3 2 5 1 7 0
0 0 81 5 2 6 4 7 3 0 1
0 0 80 5 1 0 7 2 3 6 4
0 0 83 1 4 0 3 5 2 7 6
0 0 84 1 0 5 7 3 6 2 4
0 0 84 3 7 1 0 6 5 4 2
0 0 87 3 7 1 5 2 0 4 6
0 0 85 3 1 5 7 6 0 2 4
0 0 83 6 1 7 5 2 3 0 4
0 0 82 7 6 3 4 5 1 2 0
0 0 82 6 4 0 2 5 1 7 3
0 0 82 5 2 6 4 7 3 1 0
0 0 81 5 1 7 0 2 3 6 4
0 0 84 1 4 3 0 5 2 7 6
0 0 85 1 5 0 7 3 6 2 4
0 0 87 3 7 1 4 6 5 0 2
0 0 88 3 7 1 5 2 4 0 6
0 0 86 3 1 5 7 0 6 2 4
0 0 84 6 1 7 5 2 3 4 0
0 0 85 7 6 0 4 5 1 2 3
0 0 83 6 4 2 0 5 1 7 3
0 0 85 5 2 0 4 7 3 1 6
0 0 84 5 1 7 6 2 3 0 4
0 0 87 1 4 3 7 5 2 0 6
0 0 86 1 5 7 0 3 6 2 4
0 0 88 3 7 1 4 6 5 2 0
0 0 89 3 7 1 5 2 4 6 0
0 0 89 3 0 5 7 1 6 2 4
0 0 87 6 1 0 5 2 3 4 7
0 0 86 7 6 4 0 5 1 2 3
0 0 86 6 4 2 7 5 1 0 3
0 0 86 5 2 4 0 7 3 1 6
0 0 85 5 1 7 6 2 3 4 0
0 0 88 1 4 3 7 5 2 6 0
0 0 89 1 5 7 2 3 6 0 4
0 0 91 3 7 0 4 6 5 2 1
0 0 92 3 7 0 5 2 4 6 1
0 0 90 3 5 0 7 1 6 2 4
0 0 88 6 0 1 5 2 3 4 7
0 0 89 7 6 4 2 5 1 0 3
0 0 87 6 4 2 7 5 1 3 0
0 0 89 5 2 4 1 7 3 0 6
0 0 88 5 1 0 6 2 3 4 7
0 0 91 1 4 0 7 5 2 6 3
0 0 90 1 5 7 2 3 6 4 0
0 0 92 3 7 4 0 6 5 2 1
0 0 93 3 7 5 0 2 4 6 1
0 0 91 3 5 7 0 1 6 2 4
0 0 89 0 6 1 5 2 3 4 7
0 0 90 7 6 4 2 5 1 3 0
0 0 90 6 4 0 7 5 1 3 2
0 0 90 5 2 4 1 7 3 6 0
0 0 89 5 1 6 0 2 3 4 7
0 0 92 1 4 7 0 5 2 6 3
0 0 93 1 5 0 2 3 6 4 7
0 0 95 3 7 4 2 6 5 0 1
0 0 96 3 7 5 6 2 4 0 1
0 0 94 3 5 7 2 1 6 0 4
0 0 92 3 6 1 5 2 0 4 7
0 0 93 7 6 0 2 5 1 3 4
0 0 91 6 4 7 0 5 1 3 2
0 0 92 5 2 4 1 0 3 6 7
0 0 92 5 1 6 4 2 3 0 7
0 0 95 1 4 7 6 5 2 0 3
0 0 94 1 5 2 0 3 6 4 7
0 0 96 3 7 4 2 6 5 1 0
0 0 97 3 7 5 6 2 4 1 0
0 0 95 3 5 7 2 1 6 4 0
0 0 93 3 6 1 5 2 4 0 7
0 0 94 7 6 2 0 5 1 3 4
0 0 93 0 4 7 6 5 1 3 2
0 0 93 5 2 4 1 3 0 6 7
0 0 93 5 1 6 4 2 3 7 0
0 0 96 1 4 7 6 5 2 3 0
0 0 97 1 5 2 4 3 6 0 7
0 0 99 3 7 0 2 6 5 1 4
0 0 100 3 7 0 6 2 4 1 5
0 0 98 3 5 0 2 1 6 4 7
0 0 94 3 6 1 5 2 4 7 0
0 0 96 0 6 2 7 5 1 3 4
0 0 96 1 4 7 6 5 0 3 2
0 0 94 5 2 4 1 3 6 0 7
0 0 96 5 1 0 4 2 3 7 6
0 0 98 1 4 7 6 0 2 3 5
0 0 98 1 5 2 4 3 6 7 0
0 0 100 3 7 2 0 6 5 1 4
0 0 101 3 7 6 0 2 4 1 5
0 0 99 3 5 2 0 1 6 4 7
0 0 97 3 6 0 5 2 4 7 1
0 0 99 1 6 2 7 5 0 3 4
0 0 97 1 4 7 6 5 3 0 2
0 0 95 5 2 4 1 3 6 7 0
0 0 97 5 1 4 0 2 3 7 6
0 0 101 1 0 7 6 4 2 3 5
0 0 101 1 5 0 4 3 6 7 2
0 0 102 0 7 2 3 6 5 1 4
0 0 104 3 7 6 1 2 4 0 5
0 0 102 3 5 2 4 1 6 0 7
0 0 98 3 6 5 0 2 4 7 1
0 0 100 1 6 2 7 0 5 3 4
0 0 98 1 4 7 6 5 3 2 0
0 0 98 5 2 0 1 3 6 7 4
0 0 100 5 1 4 7 2 3 0 6
0 0 102 1 7 0 6 4 2 3 5
0 0 102 1 5 4 0 3 6 7 2
0 0 105 5 7 2 3 6 0 1 4
0 0 105 3 7 6 1 2 4 5 0
0 0 103 3 5 2 4 1 6 7 0
0 0 101 3 6 5 7 2 4 0 1
0 0 103 1 0 2 7 6 5 3 4
0 0 101 1 4 0 6 5 3 2 7
0 0 99 5 2 1 0 3 6 7 4
0 0 101 5 1 4 7 2 3 6 0
0 0 103 1 7 6 0 4 2 3 5
0 0 105 1 5 4 7 3 6 0 2
0 0 106 5 7 2 3 6 1 0 4
0 0 108 3 7 0 1 2 4 5 6
0 0 106 3 5 0 4 1 6 7 2
0 0 102 3 6 5 7 2 4 1 0
0 0 104 1 2 0 7 6 5 3 4
0 0 102 1 4 6 0 5 3 2 7
0 0 102 5 2 1 7 3 6 0 4
0 0 103 5 1 4 7 0 3 6 2
0 0 106 1 7 6 3 4 2 0 5
0 0 106 1 5 4 7 3 6 2 0
0 0 107 5 7 2 3 6 1 4 0
0 0 109 3 7 1 0 2 4 5 6
0 0 107 3 5 4 0 1 6 7 2
0 0 105 3 6 0 7 2 4 1 5
0 0 105 1 2 7 0 6 5 3 4
0 0 105 1 4 6 2 5 3 0 7
0 0 103 5 2 1 7 3 6 4 0
0 0 106 5 0 4 7 1 3 6 2
0 0 107 1 7 6 3 4 2 5 0
0 0 108 1 5 4 7 0 6 2 3
0 0 110 5 7 0 3 6 1 4 2
0 0 111 0 7 1 3 2 4 5 6
0 0 110 3 5 4 7 1 6 0 2
0 0 106 3 6 7 0 2 4 1 5
0 0 108 1 2 7 3 6 5 0 4
0 0 106 1 4 6 2 5 3 7 0
0 0 106 5 2 0 7 3 6 4 1
0 0 107 5 4 0 7 1 3 6 2
0 0 110 1 7 0 3 4 2 5 6
0 0 111 1 0 4 7 5 6 2 3
0 0 111 5 7 3 0 6 1 4 2
0 0 114 4 7 1 3 2 0 5 6
0 0 111 3 5 4 7 1 6 2 0
0 0 109 3 6 7 1 2 4 0 5
0 0 109 1 2 7 3 6 5 4 0
0 0 109 1 4 0 2 5 3 7 6
0 0 107 5 2 7 0 3 6 4 1
0 0 108 5 4 7 0 1 3 6 2
0 0 111 1 7 3 0 4 2 5 6
0 0 112 1 4 0 7 5 6 2 3
0 0 114 5 7 3 4 6 1 0 2
0 0 115 4 7 1 3 2 5 0 6
0 0 113 3 5 4 7 0 6 2 1
0 0 110 3 6 7 1 2 4 5 0
0 0 112 1 2 0 3 6 5 4 7
0 0 110 1 4 2 0 5 3 7 6
0 0 110 5 2 7 4 3 6 0 1
0 0 111 5 4 7 6 1 3 0 2
0 0 114 1 7 3 5 4 2 0 6
0 0 113 1 4 7 0 5 6 2 3
0 0 115 5 7 3 4 6 1 2 0
0 0 116 4 7 1 3 2 5 6 0
0 0 116 3 0 4 7 5 6 2 1
0 0 113 3 6 0 1 2 4 5 7
0 0 113 1 2 3 0 6 5 4 7
0 0 113 1 4 2 7 5 3 0 6
0 0 111 5 2 7 4 3 6 1 0
0 0 112 5 4 7 6 1 3 2 0
0 0 115 1 7 3 5 4 2 6 0
0 0 116 1 4 7 2 5 6 0 3
0 0 118 5 7 0 4 6 1 2 3
0 0 119 4 7 0 3 2 5 6 1
0 0 117 0 3 4 7 5 6 2 1
0 0 114 3 6 1 0 2 4 5 7
0 0 116 1 2 3 4 6 5 0 7
0 0 114 1 4 2 7 5 3 6 0
0 0 114 5 2 0 4 3 6 1 7
0 0 115 5 4 0 6 1 3 2 7
0 0 118 1 7 0 5 4 2 6 3
0 0 117 1 4 7 2 5 6 3 0
0 0 119 5 7 4 0 6 1 2 3
0 0 120 4 7 3 0 2 5 6 1
0 0 120 6 3 4 7 5 0 2 1
0 0 116 0 6 1 3 2 4 5 7
0 0 117 1 2 3 4 6 5 7 0
0 0 117 1 4 0 7 5 3 6 2
0 0 115 5 2 4 0 3 6 1 7
0 0 116 5 4 6 0 1 3 2 7
0 0 119 1 7 5 0 4 2 6 3
0 0 120 1 4 0 2 5 6 3 7
0 0 122 5 7 4 2 6 1 0 3
0 0 123 4 7 3 6 2 5 0 1
0 0 121 6 3 4 7 5 2 0 1
0 0 119 4 6 1 3 2 0 5 7
0 0 120 1 2 0 4 6 5 7 3
0 0 118 1 0 4 7 5 3 6 2
0 0 117 0 2 4 5 3 6 1 7
0 0 119 5 4 6 2 1 3 0 7
0 0 122 1 7 5 6 4 2 0 3
0 0 121 1 4 2 0 5 6 3 7
0 0 123 5 7 4 2 6 1 3 0
0 0 124 4 7 3 6 2 5 1 0
0 0 122 6 3 4 7 5 2 1 0
0 0 120 4 6 1 3 2 5 0 7
0 0 121 1 2 4 0 6 5 7 3
0 0 119 1 3 4 7 5 0 6 2
0 0 120 6 2 4 5 3 0 1 7
0 0 120 5 4 6 2 1 3 7 0
0 0 123 1 7 5 6 4 2 3 0
0 0 124 1 4 2 3 5 6 0 7
0 0 126 5 7 0 2 6 1 3 4
0 0 127 4 7 0 6 2 5 1 3
0 0 125 6 3 0 7 5 2 1 4
0 0 121 4 6 1 3 2 5 7 0
0 0 124 1 2 4 7 6 5 0 3
0 0 120 1 3 4 7 5 6 0 2
0 0 121 6 2 4 5 3 1 0 7
0 0 123 5 4 0 2 1 3 7 6
0 0 125 1 7 5 6 0 2 3 4
0 0 125 1 4 2 3 5 6 7 0
0 0 127 5 7 2 0 6 1 3 4
0 0 128 4 7 6 0 2 5 1 3
0 0 126 6 3 7 0 5 2 1 4
0 0 124 4 6 0 3 2 5 7 1
0 0 125 1 2 4 7 6 0 5 3
0 0 125 1 2 4 7 6 5 3 0
0 0 121 1 3 4 7 5 6 2 0
0 0 122 6 2 4 5 3 1 7 0
0 0 124 5 4 2 0 1 3 7 6
0 0 128 1 0 5 6 7 2 3 4
0 0 128 1 4 0 3 5 6 7 2
0 0 129 0 7 2 5 6 1 3 4
0 0 131 4 7 6 1 2 5 0 3
0 0 129 6 3 7 1 5 2 0 4
0 0 125 4 6 3 0 2 5 7 1
0 0 126 1 2 4 7 0 6 5 3
0 0 127 1 2 4 7 0 5 3 6
0 0 124 1 3 0 7 5 6 2 4
0 0 125 6 2 0 5 3 1 7 4
0 0 127 5 4 2 7 1 3 0 6
0 0 129 1 5 0 6 7 2 3 4
0 0 129 1 4 3 0 5 6 7 2
0 0 132 1 7 2 5 6 0 3 4
0 0 132 4 7 6 1 2 5 3 0
0 0 130 6 3 7 1 5 2 4 0
0 0 128 4 6 3 7 2 5 0 1
0 0 129 1 0 4 7 2 6 5 3
0 0 130 1 0 4 7 2 5 3 6
0 0 125 1 3 7 0 5 6 2 4
0 0 126 6 2 5 0 3 1 7 4
0 0 128 5 4 2 7 1 3 6 0
0 0 130 1 5 6 0 7 2 3 4
0 0 132 1 4 3 7 5 6 0 2
0 0 133 1 7 2 5 6 3 0 4
0 0 135 4 7 0 1 2 5 3 6
0 0 133 6 3 0 1 5 2 4 7
0 0 129 4 6 3 7 2 5 1 0
0 0 130 1 4 0 7 2 6 5 3
0 0 131 1 4 0 7 2 5 3 6
0 0 128 1 3 7 2 5 6 0 4
0 0 129 6 2 5 7 3 1 0 4
0 0 130 5 4 2 7 0 3 6 1
0 0 133 1 5 6 3 7 2 0 4
0 0 133 1 4 3 7 5 6 2 0
0 0 134 1 7 2 5 6 3 4 0
0 0 136 4 7 1 0 2 5 3 6
0 0 134 6 3 1 0 5 2 4 7
0 0 132 4 6 0 7 2 5 1 3
0 0 131 1 4 7 0 2 6 5 3
0 0 132 1 4 7 0 2 5 3 6
0 0 129 1 3 7 2 5 6 4 0
0 0 130 6 2 5 7 3 1 4 0
0 0 133 5 0 2 7 4 3 6 1
0 0 134 1 5 6 3 7 2 4 0
0 0 135 1 4 3 7 0 6 2 5
0 0 137 1 7 0 5 6 3 4 2
0 0 138 0 7 1 4 2 5 3 6
0 0 137 6 3 1 4 5 2 0 7
0 0 133 4 6 7 0 2 5 1 3
0 0 134 1 4 7 5 2 6 0 3
0 0 135 1 4 7 3 2 5 0 6
0 0 132 1 3 0 2 5 6 4 7
0 0 133 6 2 0 7 3 1 4 5
0 0 134 5 2 0 7 4 3 6 1
0 0 137 1 5 0 3 7 2 4 6
0 0 138 1 0 3 7 4 6 2 5
0 0 138 1 7 5 0 6 3 4 2
0 0 141 5 7 1 4 2 0 3 6
0 0 138 6 3 1 4 5 2 7 0
0 0 136 4 6 7 1 2 5 0 3
0 0 135 1 4 7 5 2 6 3 0
0 0 136 1 4 7 3 2 5 6 0
0 0 133 1 3 2 0 5 6 4 7
0 0 134 6 2 7 0 3 1 4 5
0 0 135 5 2 7 0 4 3 6 1
0 0 138 1 5 3 0 7 2 4 6
0 0 139 1 3 0 7 4 6 2 5
0 0 141 1 7 5 4 6 3 0 2
0 0 142 5 7 1 4 2 3 0 6
0 0 141 6 3 0 4 5 2 7 1
0 0 137 4 6 7 1 2 5 3 0
0 0 138 1 4 0 5 2 6 3 7
0 0 139 1 4 0 3 2 5 6 7
0 0 136 1 3 2 4 5 6 0 7
0 0 137 6 2 7 4 3 1 0 5
0 0 138 5 2 7 6 4 3 0 1
0 0 141 1 5 3 4 7 2 0 6
0 0 140 1 3 7 0 4 6 2 5
0 0 142 1 7 5 4 6 3 2 0
0 0 143 5 7 1 4 2 3 6 0
0 0 142 6 3 4 0 5 2 7 1
0 0 140 4 6 0 1 2 5 3 7
0 0 139 1 4 5 0 2 6 3 7
0 0 140 1 4 3 0 2 5 6 7
0 0 137 1 3 2 4 5 6 7 0
0 0 138 6 2 7 4 3 1 5 0
0 0 139 5 2 7 6 4 3 1 0
0 0 142 1 5 3 4 7 2 6 0
0 0 143 1 3 7 2 4 6 0 5
0 0 145 1 7 0 4 6 3 2 5
0 0 146 5 7 0 4 2 3 6 1
0 0 144 0 3 4 6 5 2 7 1
0 0 141 4 6 1 0 2 5 3 7
0 0 142 1 4 5 3 2 6 0 7
0 0 143 1 4 3 6 2 5 0 7
0 0 140 1 3 0 4 5 6 7 2
0 0 141 6 2 0 4 3 1 5 7
0 0 142 5 2 0 6 4 3 1 7
0 0 145 1 5 0 4 7 2 6 3
0 0 144 1 3 7 2 4 6 5 0
0 0 146 1 7 4 0 6 3 2 5
0 0 147 5 7 4 0 2 3 6 1
0 0 147 2 3 4 6 5 0 7 1
0 0 143 0 6 1 4 2 5 3 7
0 0 143 1 4 5 3 2 6 7 0
0 0 144 1 4 3 6 2 5 7 0
0 0 141 1 3 4 0 5 6 7 2
0 0 142 6 2 4 0 3 1 5 7
0 0 143 5 2 6 0 4 3 1 7
0 0 146 1 5 4 0 7 2 6 3
0 0 147 1 3 0 2 4 6 5 7
0 0 149 1 7 4 2 6 3 0 5
0 0 150 5 7 4 6 2 3 0 1
0 0 148 2 3 4 6 5 7 0 1
0 0 146 5 6 1 4 2 0 3 7
0 0 146 1 4 0 3 2 6 7 5
0 0 147 1 4 0 6 2 5 7 3
0 0 143 0 3 4 1 5 6 7 2
0 0 144 0 2 4 6 3 1 5 7
0 0 146 5 2 6 1 4 3 0 7
0 0 149 1 5 4 6 7 2 0 3
0 0 148 1 3 2 0 4 6 5 7
0 0 150 1 7 4 2 6 3 5 0
0 0 151 5 7 4 6 2 3 1 0
0 0 149 2 3 4 6 5 7 1 0
0 0 147 5 6 1 4 2 3 0 7
0 0 147 1 4 3 0 2 6 7 5
0 0 148 1 4 6 0 2 5 7 3
0 0 146 6 3 4 1 5 0 7 2
0 0 147 1 2 4 6 3 0 5 7
0 0 147 5 2 6 1 4 3 7 0
0 0 150 1 5 4 6 7 0 2 3
0 0 151 1 3 2 5 4 6 0 7
0 0 153 1 7 0 2 6 3 5 4
0 0 154 5 7 0 6 2 3 1 4
0 0 152 2 3 0 6 5 7 1 4
0 0 148 5 6 1 4 2 3 7 0
0 0 150 1 4 3 7 2 6 0 5
0 0 151 1 4 6 7 2 5 0 3
0 0 147 6 3 4 1 5 7 0 2
0 0 148 1 2 4 6 3 5 0 7
0 0 150 5 2 0 1 4 3 7 6
0 0 151 1 5 4 6 0 7 2 3
0 0 152 1 3 2 5 4 6 7 0
0 0 154 1 0 7 2 6 3 5 4
0 0 155 5 7 6 0 2 3 1 4
0 0 153 2 3 6 0 5 7 1 4
0 0 151 5 6 0 4 2 3 7 1
0 0 151 1 4 3 7 2 6 5 0
0 0 152 1 4 6 7 2 5 3 0
0 0 148 6 3 4 1 5 7 2 0
0 0 149 1 2 4 6 3 5 7 0
0 0 151 5 2 1 0 4 3 7 6
0 0 154 1 0 4 6 5 7 2 3
0 0 155 1 3 0 5 4 6 7 2
0 0 155 0 1 7 2 6 3 5 4
0 0 158 5 7 6 1 2 3 0 4
0 0 156 2 3 6 1 5 7 0 4
0 0 152 5 6 4 0 2 3 7 1
0 0 153 1 4 3 7 0 6 5 2
0 0 154 1 4 6 7 0 5 3 2
0 0 151 6 3 0 1 5 7 2 4
0 0 152 1 2 0 6 3 5 7 4
0 0 154 5 2 1 7 4 3 0 6
0 0 155 1 4 0 6 5 7 2 3
0 0 156 1 3 5 0 4 6 7 2
0 0 158 3 1 7 2 6 0 5 4
0 0 159 5 7 6 1 2 3 4 0
0 0 157 2 3 6 1 5 7 4 0
0 0 155 5 6 4 7 2 3 0 1
0 0 156 1 0 3 7 4 6 5 2
0 0 157 1 0 6 7 4 5 3 2
0 0 152 6 3 1 0 5 7 2 4
0 0 153 1 2 6 0 3 5 7 4
0 0 155 5 2 1 7 4 3 6 0
0 0 156 1 4 6 0 5 7 2 3
0 0 159 1 3 5 7 4 6 0 2
0 0 159 3 1 7 2 6 5 0 4
0 0 162 5 7 0 1 2 3 4 6
0 0 160 2 3 0 1 5 7 4 6
0 0 156 5 6 4 7 2 3 1 0
0 0 157 1 3 0 7 4 6 5 2
0 0 158 1 6 0 7 4 5 3 2
0 0 155 6 3 1 2 5 7 0 4
0 0 156 1 2 6 7 3 5 0 4
0 0 157 5 2 1 7 0 3 6 4
0 0 159 1 4 6 2 5 7 0 3
0 0 160 1 3 5 7 4 0 6 2
0 0 160 3 1 7 2 6 5 4 0
0 0 163 5 0 7 1 2 3 4 6
0 0 161 2 3 1 0 5 7 4 6
0 0 159 5 6 0 7 2 3 1 4
0 0 158 5 6 4 7 0 3 1 2
0 0 159 1 6 7 0 4 5 3 2
0 0 156 6 3 1 2 5 7 4 0
0 0 157 1 2 6 7 3 5 4 0
0 0 158 0 2 1 7 5 3 6 4
0 0 160 1 4 6 2 5 7 3 0
0 0 161 1 3 5 7 0 4 6 2
0 0 163 3 1 0 2 6 5 4 7
0 0 164 5 3 7 1 2 0 4 6
0 0 164 2 3 1 4 5 7 0 6
0 0 160 5 6 7 0 2 3 1 4
0 0 161 5 0 4 7 6 3 1 2
0 0 162 1 6 7 3 4 5 0 2
0 0 159 6 3 0 2 5 7 4 1
0 0 160 1 2 0 7 3 5 4 6
0 0 161 3 2 1 7 5 0 6 4
0 0 163 1 4 0 2 5 7 3 6
0 0 164 1 0 5 7 3 4 6 2
0 0 164 3 1 2 0 6 5 4 7
0 0 165 5 3 7 1 2 4 0 6
0 0 165 2 3 1 4 5 7 6 0
0 0 163 5 6 7 1 2 3 0 4
0 0 162 5 4 0 7 6 3 1 2
0 0 163 1 6 7 3 4 5 2 0
0 0 160 6 3 2 0 5 7 4 1
0 0 161 1 2 7 0 3 5 4 6
0 0 162 3 2 1 7 5 6 0 4
0 0 164 1 4 2 0 5 7 3 6
0 0 165 1 5 0 7 3 4 6 2
0 0 167 3 1 2 4 6 5 0 7
0 0 166 5 3 7 1 2 4 6 0
0 0 168 2 3 0 4 5 7 6 1
0 0 164 5 6 7 1 2 3 4 0
0 0 163 5 4 7 0 6 3 1 2
0 0 166 1 6 0 3 4 5 2 7
0 0 163 6 3 2 4 5 7 0 1
0 0 164 1 2 7 4 3 5 0 6
0 0 163 3 2 1 7 5 6 4 0
0 0 167 1 4 2 3 5 7 0 6
0 0 166 1 5 7 0 3 4 6 2
0 0 168 3 1 2 4 6 5 7 0
0 0 169 5 3 0 1 2 4 6 7
0 0 169 2 3 4 0 5 7 6 1
0 0 167 5 6 0 1 2 3 4 7
0 0 166 5 4 7 1 6 3 0 2
0 0 167 1 6 3 0 4 5 2 7
0 0 164 6 3 2 4 5 7 1 0
0 0 165 1 2 7 4 3 5 6 0
0 0 166 3 2 0 7 5 6 4 1
0 0 168 1 4 2 3 5 7 6 0
0 0 169 1 5 7 6 3 4 0 2
0 0 171 3 1 0 4 6 5 7 2
0 0 170 5 3 1 0 2 4 6 7
0 0 171 0 3 4 2 5 7 6 1
0 0 168 5 0 6 1 2 3 4 7
0 0 167 5 4 7 1 6 3 2 0
0 0 170 1 6 3 2 4 5 0 7
0 0 167 6 3 0 4 5 7 1 2
0 0 168 1 2 0 4 3 5 6 7
0 0 167 3 2 7 0 5 6 4 1
0 0 171 1 4 0 3 5 7 6 2
0 0 170 1 5 7 6 3 4 2 0
0 0 172 3 1 4 0 6 5 7 2
0 0 173 5 3 1 6 2 4 0 7
0 0 174 7 3 4 2 5 0 6 1
0 0 169 5 3 6 1 2 0 4 7
0 0 170 5 4 0 1 6 3 2 7
0 0 171 1 6 3 2 4 5 7 0
0 0 168 6 3 4 0 5 7 1 2
0 0 169 1 2 4 0 3 5 6 7
0 0 170 3 2 7 4 5 6 0 1
0 0 172 1 4 3 0 5 7 6 2
0 0 173 1 5 0 6 3 4 2 7
0 0 175 3 1 4 7 6 5 0 2
0 0 174 5 3 1 6 2 4 7 0
0 0 175 7 3 4 2 5 6 0 1
0 0 170 5 3 6 1 0 2 4 7
0 0 171 5 4 1 0 6 3 2 7
0 0 174 1 6 0 2 4 5 7 3
0 0 170 0 3 4 6 5 7 1 2
0 0 171 0 2 4 1 3 5 6 7
0 0 171 3 2 7 4 5 6 1 0
0 0 175 1 4 3 6 5 7 0 2
0 0 174 1 5 6 0 3 4 2 7
0 0 176 3 1 4 7 6 5 2 0
0 0 177 5 3 0 6 2 4 7 1
0 0 176 7 3 4 2 5 6 1 0
0 0 173 5 0 6 1 3 2 4 7
0 0 174 5 4 1 2 6 3 0 7
0 0 175 1 6 2 0 4 5 7 3
0 0 173 7 3 4 6 5 0 1 2
0 0 172 2 0 4 1 3 5 6 7
0 0 174 3 2 0 4 5 6 1 7
0 0 176 1 4 3 6 5 7 2 0
0 0 177 1 5 6 2 3 4 0 7
0 0 179 3 1 0 7 6 5 2 4
0 0 178 5 3 6 0 2 4 7 1
0 0 179 7 3 0 2 5 6 1 4
0 0 174 5 6 0 1 3 2 4 7
0 0 175 5 4 1 2 6 3 7 0
0 0 178 1 6 2 7 4 5 0 3
0 0 174 7 3 4 6 5 1 0 2
0 0 173 2 4 0 1 3 5 6 7
0 0 175 3 2 4 0 5 6 1 7
0 0 178 1 4 3 6 0 7 2 5
0 0 178 1 5 6 2 3 4 7 0
0 0 180 3 1 7 0 6 5 2 4
0 0 181 5 3 6 7 2 4 0 1
0 0 180 7 3 2 0 5 6 1 4
0 0 175 5 6 1 0 3 2 4 7
0 0 178 5 4 0 2 6 3 7 1
0 0 179 1 6 2 7 4 0 5 3
0 0 175 7 3 4 6 5 1 2 0
0 0 174 2 4 1 0 3 5 6 7
0 0 178 3 2 4 1 5 6 0 7
0 0 181 1 0 3 6 4 7 2 5
0 0 181 1 5 0 2 3 4 7 6
0 0 182 0 1 7 3 6 5 2 4
0 0 182 5 3 6 7 2 4 1 0
0 0 183 7 3 2 1 5 6 0 4
0 0 178 5 6 1 4 3 2 0 7
0 0 179 5 4 2 0 6 3 7 1
0 0 180 1 6 2 7 0 4 5 3
0 0 178 7 3 0 6 5 1 2 4
0 0 177 2 4 1 6 3 5 0 7
0 0 179 3 2 4 1 5 6 7 0
0 0 182 1 3 0 6 4 7 2 5
0 0 182 1 5 2 0 3 4 7 6
0 0 185 5 1 7 3 6 0 2 4
0 0 185 5 3 0 7 2 4 1 6
0 0 184 7 3 2 1 5 6 4 0
0 0 179 5 6 1 4 3 2 7 0
0 0 182 5 4 2 7 6 3 0 1
0 0 183 1 0 2 7 6 4 5 3
0 0 179 7 3 6 0 5 1 2 4
0 0 178 2 4 1 6 3 5 7 0
0 0 182 3 2 0 1 5 6 7 4
0 0 183 1 3 6 0 4 7 2 5
0 0 185 1 5 2 7 3 4 0 6
0 0 186 5 1 7 3 6 2 0 4
0 0 186 5 3 7 0 2 4 1 6
0 0 187 7 3 0 1 5 6 4 2
0 0 182 5 6 0 4 3 2 7 1
0 0 183 5 4 2 7 6 3 1 0
0 0 184 1 2 0 7 6 4 5 3
0 0 182 7 3 6 2 5 1 0 4
0 0 181 2 4 0 6 3 5 7 1
0 0 183 3 2 1 0 5 6 7 4
0 0 186 1 3 6 2 4 7 0 5
0 0 186 1 5 2 7 3 4 6 0
0 0 187 5 1 7 3 6 2 4 0
0 0 188 0 3 7 5 2 4 1 6
0 0 188 7 3 1 0 5 6 4 2
0 0 183 5 6 4 0 3 2 7 1
0 0 185 5 4 2 7 0 3 1 6
0 0 185 1 2 7 0 6 4 5 3
0 0 183 7 3 6 2 5 1 4 0
0 0 182 2 4 6 0 3 5 7 1
0 0 185 0 2 1 3 5 6 7 4
0 0 187 1 3 6 2 4 7 5 0
0 0 188 1 5 2 7 0 4 6 3
0 0 190 5 1 0 3 6 2 4 7
0 0 191 4 3 7 5 2 0 1 6
0 0 191 7 3 1 4 5 6 0 2
0 0 186 5 6 4 7 3 2 0 1
0 0 188 5 0 2 7 4 3 1 6
0 0 188 1 2 7 5 6 4 0 3
0 0 186 7 3 0 2 5 1 4 6
0 0 185 2 4 6 7 3 5 0 1
0 0 188 6 2 1 3 5 0 7 4
0 0 190 1 3 0 2 4 7 5 6
0 0 191 1 0 2 7 5 4 6 3
0 0 191 5 1 3 0 6 2 4 7
0 0 192 4 3 7 5 2 1 0 6
0 0 192 7 3 1 4 5 6 2 0
0 0 187 5 6 4 7 3 2 1 0
0 0 189 0 5 2 7 4 3 1 6
0 0 189 1 2 7 5 6 4 3 0
0 0 187 7 3 2 0 5 1 4 6
0 0 186 2 4 6 7 3 5 1 0
0 0 189 6 2 1 3 5 7 0 4
0 0 191 1 3 2 0 4 7 5 6
0 0 192 1 2 0 7 5 4 6 3
0 0 194 5 1 3 4 6 2 0 7
0 0 193 4 3 7 5 2 1 6 0
0 0 195 7 3 0 4 5 6 2 1
0 0 190 5 6 0 7 3 2 1 4
0 0 192 3 5 2 7 4 0 1 6
0 0 192 1 2 0 5 6 4 3 7
0 0 190 7 3 2 4 5 1 0 6
0 0 189 2 4 0 7 3 5 1 6
0 0 190 6 2 1 3 5 7 4 0
0 0 194 1 3 2 5 4 7 0 6
0 0 193 1 2 7 0 5 4 6 3
0 0 195 5 1 3 4 6 2 7 0
0 0 196 4 3 0 5 2 1 6 7
0 0 196 7 0 3 4 5 6 2 1
0 0 191 5 6 7 0 3 2 1 4
0 0 193 3 5 2 7 4 1 0 6
0 0 193 1 2 5 0 6 4 3 7
0 0 191 7 3 2 4 5 1 6 0
0 0 190 2 4 7 0 3 5 1 6
0 0 193 6 2 0 3 5 7 4 1
0 0 195 1 3 2 5 4 7 6 0
0 0 196 1 2 7 6 5 4 0 3
0 0 198 5 1 0 4 6 2 7 3
0 0 197 4 3 5 0 2 1 6 7
0 0 197 0 7 3 4 5 6 2 1
0 0 194 5 6 7 1 3 2 0 4
0 0 194 3 5 2 7 4 1 6 0
0 0 196 1 2 5 3 6 4 0 7
0 0 194 7 3 0 4 5 1 6 2
0 0 193 2 4 7 1 3 5 0 6
0 0 194 6 2 3 0 5 7 4 1
0 0 198 1 3 0 5 4 7 6 2
0 0 197 1 2 7 6 5 4 3 0
0 0 199 5 1 4 0 6 2 7 3
0 0 200 4 3 5 6 2 1 0 7
0 0 200 6 7 3 4 5 0 2 1
0 0 195 5 6 7 1 3 2 4 0
0 0 197 3 5 0 7 4 1 6 2
0 0 197 1 2 5 3 6 4 7 0
0 0 195 7 3 4 0 5 1 6 2
0 0 194 2 4 7 1 3 5 6 0
0 0 197 6 2 3 4 5 7 0 1
0 0 199 1 3 5 0 4 7 6 2
0 0 200 1 2 0 6 5 4 3 7
0 0 202 5 1 4 7 6 2 0 3
0 0 201 4 3 5 6 2 1 7 0
0 0 201 6 7 3 4 5 2 0 1
0 0 197 5 6 7 1 0 2 4 3
0 0 198 3 5 7 0 4 1 6 2
0 0 200 1 2 0 3 6 4 7 5
0 0 197 0 3 4 7 5 1 6 2
0 0 196 2 4 7 1 0 5 6 3
0 0 198 6 2 3 4 5 7 1 0
0 0 202 1 3 5 6 4 7 0 2
0 0 201 1 2 6 0 5 4 3 7
0 0 203 5 1 4 7 6 2 3 0
0 0 204 4 3 0 6 2 1 7 5
0 0 202 6 7 3 4 5 2 1 0
0 0 200 5 0 7 1 6 2 4 3
0 0 201 3 5 7 6 4 1 0 2
0 0 201 1 2 3 0 6 4 7 5
0 0 198 3 0 4 7 5 1 6 2
0 0 199 2 0 7 1 4 5 6 3
0 0 201 6 2 0 4 5 7 1 3
0 0 203 1 3 5 6 4 7 2 0
0 0 204 1 2 6 3 5 4 0 7
0 0 206 5 1 0 7 6 2 3 4
0 0 205 4 3 6 0 2 1 7 5
0 0 205 6 7 0 4 5 2 1 3
0 0 201 5 7 0 1 6 2 4 3
0 0 202 3 5 7 6 4 1 2 0
0 0 204 1 2 3 7 6 4 0 5
0 0 199 3 4 0 7 5 1 6 2
0 0 200 2 7 0 1 4 5 6 3
0 0 202 6 2 4 0 5 7 1 3
0 0 205 1 3 5 6 0 7 2 4
0 0 205 1 2 6 3 5 4 7 0
0 0 207 5 1 7 0 6 2 3 4
0 0 208 4 3 6 7 2 1 0 5
0 0 206 6 7 4 0 5 2 1 3
0 0 202 5 7 1 0 6 2 4 3
0 0 205 3 5 0 6 4 1 2 7
0 0 205 1 2 3 7 6 4 5 0
0 0 200 3 4 7 0 5 1 6 2
0 0 201 2 7 1 0 4 5 6 3
0 0 205 6 2 4 1 5 7 0 3
0 0 208 1 0 5 6 3 7 2 4
0 0 208 1 2 0 3 5 4 7 6
0 0 209 0 1 7 5 6 2 3 4
0 0 209 4 3 6 7 2 1 5 0
0 0 209 6 7 4 1 5 2 0 3
0 0 205 5 7 1 4 6 2 0 3
0 0 206 3 5 6 0 4 1 2 7
0 0 207 1 2 3 7 0 4 5 6
0 0 203 3 4 7 6 5 1 0 2
0 0 204 2 7 1 6 4 5 0 3
0 0 206 6 2 4 1 5 7 3 0
0 0 209 1 5 0 6 3 7 2 4
0 0 209 1 2 3 0 5 4 7 6
0 0 212 2 1 7 5 6 0 3 4
0 0 212 4 3 0 7 2 1 5 6
0 0 210 6 7 4 1 5 2 3 0
0 0 206 5 7 1 4 6 2 3 0
0 0 209 3 5 6 2 4 1 0 7
0 0 210 1 0 3 7 2 4 5 6
0 0 204 3 4 7 6 5 1 2 0
0 0 205 2 7 1 6 4 5 3 0
0 0 209 6 2 0 1 5 7 3 4
0 0 210 1 5 6 0 3 7 2 4
0 0 212 1 2 3 7 5 4 0 6
0 0 213 2 1 7 5 6 3 0 4
0 0 213 4 3 7 0 2 1 5 6
0 0 213 6 7 0 1 5 2 3 4
0 0 209 5 7 0 4 6 2 3 1
0 0 210 3 5 6 2 4 1 7 0
0 0 211 1 3 0 7 2 4 5 6
0 0 207 3 4 0 6 5 1 2 7
0 0 208 2 7 0 6 4 5 3 1
0 0 210 6 2 1 0 5 7 3 4
0 0 213 1 5 6 2 3 7 0 4
0 0 213 1 2 3 7 5 4 6 0
0 0 214 2 1 7 5 6 3 4 0
0 0 215 0 3 7 4 2 1 5 6
0 0 214 6 7 1 0 5 2 3 4
0 0 210 5 7 4 0 6 2 3 1
0 0 213 3 5 0 2 4 1 7 6
0 0 212 1 3 7 0 2 4 5 6
0 0 208 3 4 6 0 5 1 2 7
0 0 209 2 7 6 0 4 5 3 1
0 0 212 0 2 1 6 5 7 3 4
0 0 214 1 5 6 2 3 7 4 0
0 0 215 1 2 3 7 0 4 6 5
0 0 217 2 1 0 5 6 3 4 7
0 0 218 1 3 7 4 2 0 5 6
0 0 217 6 7 1 3 5 2 0 4
0 0 213 5 7 4 3 6 2 0 1
0 0 214 3 5 2 0 4 1 7 6
0 0 215 1 3 7 5 2 4 0 6
0 0 211 3 4 6 2 5 1 0 7
0 0 212 2 7 6 3 4 5 0 1
0 0 215 7 2 1 6 5 0 3 4
0 0 217 1 5 0 2 3 7 4 6
0 0 218 1 0 3 7 2 4 6 5
0 0 218 2 1 5 0 6 3 4 7
0 0 219 1 3 7 4 2 5 0 6
0 0 218 6 7 1 3 5 2 4 0
0 0 214 5 7 4 3 6 2 1 0
0 0 216 0 5 2 3 4 1 7 6
0 0 216 1 3 7 5 2 4 6 0
0 0 212 3 4 6 2 5 1 7 0
0 0 213 2 7 6 3 4 5 1 0
0 0 216 7 2 1 6 5 3 0 4
0 0 218 1 5 2 0 3 7 4 6
0 0 219 1 3 0 7 2 4 6 5
0 0 221 2 1 5 4 6 3 0 7
0 0 220 1 3 7 4 2 5 6 0
0 0 221 6 7 0 3 5 2 4 1
0 0 217 5 7 0 3 6 2 1 4
0 0 219 1 5 2 3 4 0 7 6
0 0 219 1 3 0 5 2 4 6 7
0 0 215 3 4 0 2 5 1 7 6
0 0 216 2 7 0 3 4 5 1 6
0 0 217 7 2 1 6 5 3 4 0
0 0 221 1 5 2 4 3 7 0 6
0 0 220 1 3 6 7 2 4 0 5
0 0 222 2 1 5 4 6 3 7 0
0 0 223 1 3 0 4 2 5 6 7
0 0 222 6 7 3 0 5 2 4 1
0 0 218 5 7 3 0 6 2 1 4
0 0 220 1 5 2 3 4 7 0 6
0 0 220 1 3 5 0 2 4 6 7
0 0 216 3 4 2 0 5 1 7 6
0 0 217 2 7 3 0 4 5 1 6
0 0 220 7 2 0 6 5 3 4 1
0 0 222 1 5 2 4 3 7 6 0
0 0 221 1 3 6 7 2 4 5 0
0 0 225 2 1 0 4 6 3 7 5
0 0 224 1 3 4 0 2 5 6 7
0 0 224 0 7 3 6 5 2 4 1
0 0 221 5 7 3 1 6 2 0 4
0 0 221 1 5 2 3 4 7 6 0
0 0 223 1 3 5 6 2 4 0 7
0 0 219 3 4 2 7 5 1 0 6
0 0 220 2 7 3 1 4 5 0 6
0 0 221 7 2 6 0 5 3 4 1
0 0 225 1 5 0 4 3 7 6 2
0 0 223 1 3 6 7 0 4 5 2
0 0 226 2 1 4 0 6 3 7 5
0 0 227 1 3 4 6 2 5 0 7
0 0 227 2 7 3 6 5 0 4 1
0 0 222 5 7 3 1 6 0 2 4
0 0 222 5 7 3 1 6 2 4 0
0 0 224 1 5 0 3 4 7 6 2
0 0 224 1 3 5 6 2 4 7 0
0 0 220 3 4 2 7 5 1 6 0
0 0 221 2 7 3 1 4 5 6 0
0 0 224 7 2 6 4 5 3 0 1
0 0 226 1 5 4 0 3 7 6 2
0 0 226 1 0 6 7 3 4 5 2
0 0 229 2 1 4 7 6 3 0 5
0 0 228 1 3 4 6 2 5 7 0
0 0 228 2 7 3 6 5 4 0 1
0 0 223 5 7 3 1 0 6 2 4
0 0 224 5 7 3 1 0 2 4 6
0 0 225 1 5 3 0 4 7 6 2
0 0 227 1 3 0 6 2 4 7 5
0 0 222 3 4 2 7 0 1 6 5
0 0 223 2 7 3 1 0 5 6 4
0 0 225 7 2 6 4 5 3 1 0
0 0 229 1 5 4 6 3 7 0 2
0 0 227 1 6 0 7 3 4 5 2
0 0 230 2 1 4 7 6 3 5 0
0 0 231 1 3 0 6 2 5 7 4
0 0 229 2 7 3 6 5 4 1 0
0 0 226 5 0 3 1 7 6 2 4
0 0 227 5 0 3 1 7 2 4 6
0 0 228 1 5 3 6 4 7 0 2
0 0 228 1 3 6 0 2 4 7 5
0 0 225 3 0 2 7 4 1 6 5
0 0 226 2 0 3 1 7 5 6 4
0 0 228 7 2 0 4 5 3 1 6
0 0 230 1 5 4 6 3 0 7 2
0 0 228 1 6 7 0 3 4 5 2
0 0 233 2 1 0 7 6 3 5 4
0 0 232 1 3 6 0 2 5 7 4
0 0 232 2 7 0 6 5 4 1 3
0 0 227 5 3 0 1 7 6 2 4
0 0 228 5 3 0 1 7 2 4 6
0 0 229 1 5 3 6 4 7 2 0
0 0 230 0 3 6 1 2 4 7 5
0 0 226 3 2 0 7 4 1 6 5
0 0 227 2 3 0 1 7 5 6 4
0 0 229 7 2 4 0 5 3 1 6
0 0 231 1 5 4 6 0 3 7 2
0 0 231 1 6 7 5 3 4 0 2
0 0 234 2 0 1 7 6 3 5 4
0 0 235 1 3 6 7 2 5 0 4
0 0 233 2 7 6 0 5 4 1 3
0 0 228 5 3 1 0 7 6 2 4
0 0 229 5 3 1 0 7 2 4 6
0 0 232 1 5 0 6 4 7 2 3
0 0 233 4 3 6 1 2 0 7 5
0 0 227 3 2 7 0 4 1 6 5
0 0 228 2 3 1 0 7 5 6 4
0 0 232 7 2 4 1 5 3 0 6
0 0 234 1 0 4 6 5 3 7 2
0 0 232 1 6 7 5 3 4 2 0
0 0 235 2 3 1 7 6 0 5 4
0 0 236 1 3 6 7 2 5 4 0
0 0 236 2 7 6 1 5 4 0 3
0 0 231 5 3 1 2 7 6 0 4
0 0 232 5 3 1 4 7 2 0 6
0 0 233 1 5 6 0 4 7 2 3
0 0 234 4 3 6 1 2 7 0 5
0 0 230 3 2 7 6 4 1 0 5
0 0 231 2 3 1 6 7 5 0 4
0 0 233 7 2 4 1 5 3 6 0
0 0 235 0 1 4 6 5 3 7 2
0 0 235 1 6 0 5 3 4 2 7
0 0 236 2 3 1 7 6 5 0 4
0 0 239 1 3 0 7 2 5 4 6
0 0 237 2 7 6 1 5 4 3 0
0 0 232 5 3 1 2 7 6 4 0
0 0 233 5 3 1 4 7 2 6 0
0 0 236 1 5 6 2 4 7 0 3
0 0 235 4 3 6 1 2 7 5 0
0 0 231 3 2 7 6 4 1 5 0
0 0 232 2 3 1 6 7 5 4 0
0 0 236 7 2 0 1 5 3 6 4
0 0 238 3 1 4 6 5 0 7 2
0 0 236 1 6 5 0 3 4 2 7
0 0 237 2 3 1 7 6 5 4 0
0 0 240 1 3 7 0 2 5 4 6
0 0 240 2 7 0 1 5 4 3 6
0 0 235 5 3 0 2 7 6 4 1
0 0 236 5 3 0 4 7 2 6 1
0 0 237 1 5 6 2 4 7 3 0
0 0 238 4 3 0 1 2 7 5 6
0 0 234 3 2 0 6 4 1 5 7
0 0 235 2 3 0 6 7 5 4 1
0 0 237 7 0 2 1 5 3 6 4
0 0 239 3 1 4 6 5 7 0 2
0 0 239 1 6 5 2 3 4 0 7
0 0 240 2 3 0 7 6 5 4 1
0 0 242 0 3 7 1 2 5 4 6
0 0 241 2 7 1 0 5 4 3 6
0 0 236 5 3 2 0 7 6 4 1
0 0 237 5 3 4 0 7 2 6 1
0 0 240 1 5 0 2 4 7 3 6
0 0 239 4 3 1 0 2 7 5 6
0 0 235 3 2 6 0 4 1 5 7
0 0 236 2 3 6 0 7 5 4 1
0 0 236 2 0 3 6 7 5 4 1
0 0 240 3 1 4 6 5 7 2 0
0 0 240 1 6 5 2 3 4 7 0
0 0 241 2 3 7 0 6 5 4 1
0 0 243 3 0 7 1 2 5 4 6
0 0 244 2 7 1 3 5 4 0 6
0 0 239 5 3 2 4 7 6 0 1
0 0 240 5 3 4 6 7 2 0 1
0 0 241 1 5 2 0 4 7 3 6
0 0 242 4 3 1 5 2 7 0 6
0 0 238 3 2 6 5 4 1 0 7
0 0 239 2 3 6 4 7 5 0 1
0 0 237 0 2 3 6 7 5 4 1
0 0 243 3 1 0 6 5 7 2 4
0 0 243 1 6 0 2 3 4 7 5
0 0 244 2 3 7 4 6 5 0 1
0 0 244 3 7 0 1 2 5 4 6
0 0 245 2 7 1 3 5 4 6 0
0 0 240 5 3 2 4 7 6 1 0
0 0 241 5 3 4 6 7 2 1 0
0 0 243 0 5 2 1 4 7 3 6
0 0 243 4 3 1 5 2 7 6 0
0 0 239 3 2 6 5 4 1 7 0
0 0 240 2 3 6 4 7 5 1 0
0 0 240 5 2 3 6 7 0 4 1
0 0 244 3 1 6 0 5 7 2 4
0 0 244 1 6 2 0 3 4 7 5
0 0 245 2 3 7 4 6 5 1 0
0 0 245 3 7 1 0 2 5 4 6
0 0 248 2 7 0 3 5 4 6 1
0 0 243 5 3 0 4 7 6 1 2
0 0 244 5 3 0 6 7 2 1 4
0 0 246 7 5 2 1 4 0 3 6
0 0 246 4 3 0 5 2 7 6 1
0 0 242 3 2 0 5 4 1 7 6
0 0 243 2 3 0 4 7 5 1 6
0 0 241 5 2 3 6 7 4 0 1
0 0 247 3 1 6 2 5 7 0 4
0 0 247 1 6 2 7 3 4 0 5
0 0 248 2 3 0 4 6 5 1 7
0 0 248 3 7 1 4 2 5 0 6
0 0 249 2 7 3 0 5 4 6 1
0 0 244 5 3 4 0 7 6 1 2
0 0 245 5 3 6 0 7 2 1 4
0 0 247 7 5 2 1 4 3 0 6
0 0 247 4 3 5 0 2 7 6 1
0 0 243 3 2 5 0 4 1 7 6
0 0 244 2 3 4 0 7 5 1 6
0 0 242 5 2 3 6 7 4 1 0
0 0 248 3 1 6 2 5 7 4 0
0 0 248 1 6 2 7 3 0 4 5
0 0 249 2 3 4 0 6 5 1 7
0 0 249 3 7 1 4 2 5 6 0
0 0 251 0 7 3 2 5 4 6 1
0 0 247 5 3 4 1 7 6 0 2
0 0 248 5 3 6 1 7 2 0 4
0 0 248 7 5 2 1 4 3 6 0
0 0 250 4 3 5 6 2 7 0 1
0 0 246 3 2 5 7 4 1 0 6
0 0 247 2 3 4 1 7 5 0 6
0 0 245 5 2 0 6 7 4 1 3
0 0 251 3 1 0 2 5 7 4 6
0 0 249 1 6 2 7 0 3 4 5
0 0 252 2 3 4 1 6 5 0 7
0 0 252 3 7 0 4 2 5 6 1
0 0 254 4 7 3 2 5 0 6 1
0 0 248 5 3 4 1 7 6 2 0
0 0 249 5 3 6 1 7 0 2 4
0 0 251 7 5 0 1 4 3 6 2
0 0 251 4 3 5 6 2 7 1 0
0 0 247 3 2 5 7 4 1 6 0
0 0 248 2 3 4 1 7 5 6 0
0 0 246 5 2 6 0 7 4 1 3
0 0 252 3 1 2 0 5 7 4 6
0 0 252 1 0 2 7 6 3 4 5
0 0 253 2 3 4 1 6 5 7 0
0 0 253 3 7 4 0 2 5 6 1
0 0 255 4 7 3 2 5 6 0 1
0 0 250 5 3 4 1 0 6 2 7
0 0 250 5 3 6 1 0 7 2 4
0 0 252 7 5 1 0 4 3 6 2
0 0 254 4 3 0 6 2 7 1 5
0 0 249 3 2 5 7 0 1 6 4
0 0 250 2 3 4 1 0 5 6 7
0 0 249 5 2 6 1 7 4 0 3
0 0 255 3 1 2 4 5 7 0 6
0 0 253 1 2 0 7 6 3 4 5
0 0 256 2 3 0 1 6 5 7 4
0 0 256 3 7 4 6 2 5 0 1
0 0 256 4 7 3 2 5 6 1 0
0 0 253 5 0 4 1 3 6 2 7
0 0 253 5 0 6 1 3 7 2 4
0 0 255 7 5 1 6 4 3 0 2
0 0 255 4 3 6 0 2 7 1 5
0 0 252 3 0 5 7 2 1 6 4
0 0 251 2 3 4 1 5 0 6 7
0 0 250 5 2 6 1 7 4 3 0
0 0 256 3 1 2 4 5 7 6 0
0 0 254 1 2 7 0 6 3 4 5
0 0 257 2 3 1 0 6 5 7 4
0 0 257 3 7 4 6 2 5 1 0
0 0 259 4 7 0 2 5 6 1 3
0 0 254 5 4 0 1 3 6 2 7
0 0 254 5 6 0 1 3 7 2 4
0 0 256 7 5 1 6 4 3 2 0
0 0 257 0 3 6 4 2 7 1 5
0 0 253 3 5 0 7 2 1 6 4
0 0 252 2 3 4 1 5 6 0 7
0 0 253 5 2 0 1 7 4 3 6
0 0 259 3 1 0 4 5 7 6 2
0 0 257 1 2 7 4 6 3 0 5
0 0 259 0 3 1 2 6 5 7 4
0 0 260 3 7 0 6 2 5 1 4
0 0 260 4 7 2 0 5 6 1 3
0 0 255 5 4 1 0 3 6 2 7
0 0 255 5 6 1 0 3 7 2 4
0 0 259 7 5 0 6 4 3 2 1
0 0 260 7 3 6 4 2 0 1 5
0 0 254 3 5 7 0 2 1 6 4
0 0 253 2 3 4 1 5 6 7 0
0 0 254 5 2 1 0 7 4 3 6
0 0 260 3 1 4 0 5 7 6 2
0 0 258 1 2 7 4 6 3 5 0
0 0 262 5 3 1 2 6 0 7 4
0 0 261 3 7 6 0 2 5 1 4
0 0 263 4 7 2 1 5 6 0 3
0 0 258 5 4 1 2 3 6 0 7
0 0 258 5 6 1 2 3 7 0 4
0 0 260 7 5 6 0 4 3 2 1
0 0 261 7 3 6 4 2 1 0 5
0 0 257 3 5 7 6 2 1 0 4
0 0 256 2 3 0 1 5 6 7 4
0 0 257 5 2 1 3 7 4 0 6
0 0 262 0 1 4 3 5 7 6 2
0 0 261 1 2 0 4 6 3 5 7
0 0 263 5 3 1 2 6 7 0 4
0 0 264 3 7 6 1 2 5 0 4
0 0 264 4 7 2 1 5 6 3 0
0 0 259 5 4 1 2 3 6 7 0
0 0 259 5 6 1 2 3 7 4 0
0 0 263 7 5 6 2 4 3 0 1
0 0 262 7 3 6 4 2 1 5 0
0 0 258 3 5 7 6 2 1 4 0
0 0 257 2 3 1 0 5 6 7 4
0 0 258 5 2 1 3 7 4 6 0
0 0 265 7 1 4 3 5 0 6 2
0 0 262 1 2 4 0 6 3 5 7
0 0 264 5 3 1 2 6 7 4 0
0 0 265 3 7 6 1 2 5 4 0
0 0 267 4 7 0 1 5 6 3 2
0 0 262 5 4 0 2 3 6 7 1
0 0 262 5 6 0 2 3 7 4 1
0 0 264 7 5 6 2 4 3 1 0
0 0 265 7 3 0 4 2 1 5 6
0 0 261 3 5 0 6 2 1 4 7
0 0 260 2 3 1 7 5 6 0 4
0 0 261 5 2 0 3 7 4 6 1
0 0 266 7 1 4 3 5 6 0 2
0 0 265 1 2 4 5 6 3 0 7
0 0 267 5 3 0 2 6 7 4 1
0 0 267 3 7 6 1 0 5 4 2
0 0 268 4 7 1 0 5 6 3 2
0 0 263 5 4 2 0 3 6 7 1
0 0 263 5 6 2 0 3 7 4 1
0 0 267 7 5 0 2 4 3 1 6
0 0 266 7 3 4 0 2 1 5 6
0 0 262 3 5 6 0 2 1 4 7
0 0 261 2 3 1 7 5 6 4 0
0 0 262 5 2 3 0 7 4 6 1
0 0 267 7 1 4 3 5 6 2 0
0 0 266 1 2 4 5 6 3 7 0
0 0 268 5 3 2 0 6 7 4 1
0 0 270 3 0 6 1 7 5 4 2
0 0 271 4 7 1 3 5 6 0 2
0 0 266 5 4 2 7 3 6 0 1
0 0 266 5 6 2 4 3 7 0 1
0 0 268 7 0 5 2 4 3 1 6
0 0 269 7 3 4 5 2 1 0 6
0 0 265 3 5 6 4 2 1 0 7
0 0 264 2 3 0 7 5 6 4 1
0 0 264 0 2 3 5 7 4 6 1
0 0 270 7 1 0 3 5 6 2 4
0 0 269 1 2 0 5 6 3 7 4
0 0 271 5 3 2 4 6 7 0 1
0 0 271 3 6 0 1 7 5 4 2
0 0 272 4 7 1 3 5 6 2 0
0 0 267 5 4 2 7 3 6 1 0
0 0 267 5 6 2 4 3 7 1 0
0 0 269 0 7 5 2 4 3 1 6
0 0 270 7 3 4 5 2 1 6 0
0 0 266 3 5 6 4 2 1 7 0
0 0 265 2 3 7 0 5 6 4 1
0 0 267 4 2 3 5 7 0 6 1
0 0 271 7 1 3 0 5 6 2 4
0 0 270 1 2 5 0 6 3 7 4
0 0 272 5 3 2 4 6 7 1 0
0 0 272 3 6 1 0 7 5 4 2
0 0 275 4 7 0 3 5 6 2 1
0 0 270 5 4 0 7 3 6 1 2
0 0 270 5 6 0 4 3 7 1 2
0 0 272 3 7 5 2 4 0 1 6
0 0 273 7 3 0 5 2 1 6 4
0 0 269 3 5 0 4 2 1 7 6
0 0 268 2 3 7 4 5 6 0 1
0 0 268 4 2 3 5 7 6 0 1
0 0 274 7 1 3 2 5 6 0 4
0 0 273 1 2 5 7 6 3 0 4
0 0 275 5 3 0 4 6 7 1 2
0 0 275 3 6 1 4 7 5 0 2
0 0 276 4 0 7 3 5 6 2 1
0 0 271 5 4 7 0 3 6 1 2
0 0 271 5 6 4 0 3 7 1 2
0 0 273 3 7 5 2 4 1 0 6
0 0 274 7 3 5 0 2 1 6 4
0 0 270 3 5 4 0 2 1 7 6
0 0 269 2 3 7 4 5 6 1 0
0 0 269 4 2 3 5 7 6 1 0
0 0 275 7 1 3 2 5 6 4 0
0 0 274 1 2 5 7 6 3 4 0
0 0 276 5 3 4 0 6 7 1 2
0 0 276 3 6 1 4 7 5 2 0
0 0 277 0 4 7 3 5 6 2 1
0 0 274 5 4 7 1 3 6 0 2
0 0 274 5 6 4 1 3 7 0 2
0 0 274 3 7 5 2 4 1 6 0
0 0 277 7 3 5 6 2 1 0 4
0 0 273 3 5 4 7 2 1 0 6
0 0 272 2 3 0 4 5 6 1 7
0 0 272 4 2 0 5 7 6 1 3
0 0 278 7 1 0 2 5 6 4 3
0 0 276 1 2 5 7 0 3 4 6
0 0 279 5 3 4 1 6 7 0 2
0 0 279 3 6 0 4 7 5 2 1
0 0 280 6 4 7 3 5 0 2 1
0 0 275 5 4 7 1 3 6 2 0
0 0 275 5 6 4 1 3 7 2 0
0 0 277 3 7 0 2 4 1 6 5
0 0 278 7 3 5 6 2 1 4 0
0 0 274 3 5 4 7 2 1 6 0
0 0 273 2 3 4 0 5 6 1 7
0 0 273 4 2 5 0 7 6 1 3
0 0 279 7 1 2 0 5 6 4 3
0 0 277 0 2 5 7 1 3 4 6
0 0 280 5 3 4 1 6 7 2 0
0 0 280 3 6 4 0 7 5 2 1
0 0 281 6 4 7 3 5 2 0 1
0 0 277 5 4 7 1 0 6 2 3
0 0 277 5 6 4 1 0 7 2 3
0 0 278 3 7 2 0 4 1 6 5
0 0 281 7 3 0 6 2 1 4 5
0 0 276 3 5 4 7 0 1 6 2
0 0 275 0 3 4 2 5 6 1 7
0 0 276 4 2 5 1 7 6 0 3
0 0 282 7 1 2 4 5 6 0 3
0 0 278 2 0 5 7 1 3 4 6
0 0 283 5 3 0 1 6 7 2 4
0 0 283 3 6 4 2 7 5 0 1
0 0 282 6 4 7 3 5 2 1 0
0 0 280 5 0 7 1 4 6 2 3
0 0 280 5 0 4 1 6 7 2 3
0 0 281 3 7 2 6 4 1 0 5
0 0 282 7 3 6 0 2 1 4 5
0 0 277 0 5 4 7 3 1 6 2
0 0 278 6 3 4 2 5 0 1 7
0 0 277 4 2 5 1 7 6 3 0
0 0 283 7 1 2 4 5 6 3 0
0 0 279 2 5 0 7 1 3 4 6
0 0 284 5 3 1 0 6 7 2 4
0 0 284 3 6 4 2 7 5 1 0
0 0 285 6 4 0 3 5 2 1 7
0 0 281 5 7 0 1 4 6 2 3
0 0 281 5 4 0 1 6 7 2 3
0 0 282 3 7 2 6 4 1 5 0
0 0 284 0 3 6 7 2 1 4 5
0 0 278 5 0 4 7 3 1 6 2
0 0 279 6 3 4 2 5 1 0 7
0 0 280 4 2 0 1 7 6 3 5
0 0 286 7 1 0 4 5 6 3 2
0 0 280 2 5 7 0 1 3 4 6
0 0 286 0 3 1 5 6 7 2 4
0 0 287 3 6 0 2 7 5 1 4
0 0 286 6 4 3 0 5 2 1 7
0 0 282 5 7 1 0 4 6 2 3
0 0 282 5 4 1 0 6 7 2 3
0 0 285 3 7 0 6 4 1 5 2
0 0 285 3 0 6 7 2 1 4 5
0 0 279 5 4 0 7 3 1 6 2
0 0 280 6 3 4 2 5 1 7 0
0 0 281 4 2 1 0 7 6 3 5
0 0 287 7 1 4 0 5 6 3 2
0 0 283 2 5 7 4 1 3 0 6
0 0 289 7 3 1 5 6 0 2 4
0 0 288 3 6 2 0 7 5 1 4
0 0 289 6 4 3 1 5 2 0 7
0 0 285 5 7 1 2 4 6 0 3
0 0 285 5 4 1 2 6 7 0 3
0 0 286 3 7 6 0 4 1 5 2
0 0 286 3 6 0 7 2 1 4 5
0 0 280 5 4 7 0 3 1 6 2
0 0 283 6 3 0 2 5 1 7 4
0 0 284 4 2 1 3 7 6 0 5
0 0 289 0 1 4 7 5 6 3 2
0 0 284 2 5 7 4 1 3 6 0
0 0 290 7 3 1 5 6 2 0 4
0 0 291 3 6 2 1 7 5 0 4
0 0 290 6 4 3 1 5 2 7 0
0 0 286 5 7 1 2 4 6 3 0
0 0 286 5 4 1 2 6 7 3 0
0 0 289 3 7 6 5 4 1 0 2
0 0 287 3 6 7 0 2 1 4 5
0 0 283 5 4 7 6 3 1 0 2
0 0 284 6 3 2 0 5 1 7 4
0 0 285 4 2 1 3 7 6 5 0
0 0 292 6 1 4 7 5 0 3 2
0 0 287 2 5 0 4 1 3 6 7
0 0 291 7 3 1 5 6 2 4 0
0 0 292 3 6 2 1 7 5 4 0
0 0 293 6 4 0 1 5 2 7 3
0 0 289 5 7 0 2 4 6 3 1
0 0 289 5 4 0 2 6 7 3 1
0 0 290 3 7 6 5 4 1 2 0
0 0 290 3 6 7 4 2 1 0 5
0 0 284 5 4 7 6 3 1 2 0
0 0 287 6 3 2 7 5 1 0 4
0 0 288 4 2 0 3 7 6 5 1
0 0 293 6 1 4 7 5 3 0 2
0 0 288 2 5 4 0 1 3 6 7
0 0 294 7 3 0 5 6 2 4 1
0 0 294 3 6 2 1 0 5 4 7
0 0 294 6 4 1 0 5 2 7 3
0 0 290 5 7 2 0 4 6 3 1
0 0 290 5 4 2 0 6 7 3 1
0 0 293 3 7 0 5 4 1 2 6
0 0 291 3 6 7 4 2 1 5 0
0 0 287 5 4 0 6 3 1 2 7
0 0 288 6 3 2 7 5 1 4 0
0 0 289 4 2 3 0 7 6 5 1
0 0 294 6 1 4 7 5 3 2 0
0 0 291 2 5 4 6 1 3 0 7
0 0 295 7 3 5 0 6 2 4 1
0 0 297 3 0 2 1 6 5 4 7
0 0 297 6 4 1 7 5 2 0 3
0 0 293 5 7 2 3 4 6 0 1
0 0 293 5 4 2 3 6 7 0 1
0 0 294 3 7 5 0 4 1 2 6
0 0 294 3 6 0 4 2 1 5 7
0 0 288 5 4 6 0 3 1 2 7
0 0 291 6 3 0 7 5 1 4 2
0 0 291 0 2 3 4 7 6 5 1
0 0 297 6 1 0 7 5 3 2 4
0 0 292 2 5 4 6 1 3 7 0
0 0 298 7 3 5 4 6 2 0 1
0 0 298 3 2 0 1 6 5 4 7
0 0 298 6 4 1 7 5 2 3 0
0 0 294 5 7 2 3 4 6 1 0
0 0 294 5 4 2 3 6 7 1 0
0 0 296 0 7 5 3 4 1 2 6
0 0 295 3 6 4 0 2 1 5 7
0 0 291 5 4 6 2 3 1 0 7
0 0 292 6 3 7 0 5 1 4 2
0 0 294 6 2 3 4 7 0 5 1
0 0 298 6 1 7 0 5 3 2 4
0 0 295 2 5 0 6 1 3 7 4
0 0 299 7 3 5 4 6 2 1 0
0 0 299 3 2 1 0 6 5 4 7
0 0 301 6 4 0 7 5 2 3 1
0 0 297 5 7 0 3 4 6 1 2
0 0 297 5 4 0 3 6 7 1 2
0 0 299 1 7 5 3 4 0 2 6
0 0 298 3 6 4 5 2 1 0 7
0 0 292 5 4 6 2 3 1 7 0
0 0 295 6 3 7 4 5 1 0 2
0 0 295 6 2 3 4 7 5 0 1
0 0 301 6 1 7 2 5 3 0 4
0 0 296 2 5 6 0 1 3 7 4
0 0 302 7 3 0 4 6 2 1 5
0 0 302 3 2 1 4 6 5 0 7
0 0 302 6 4 7 0 5 2 3 1
0 0 298 5 7 3 0 4 6 1 2
0 0 298 5 4 3 0 6 7 1 2
0 0 300 1 7 5 3 0 4 2 6
0 0 299 3 6 4 5 2 1 7 0
0 0 295 5 4 0 2 3 1 7 6
0 0 296 6 3 7 4 5 1 2 0
0 0 296 6 2 3 4 7 5 1 0
0 0 302 6 1 7 2 5 3 4 0
0 0 299 2 5 6 7 1 3 0 4
0 0 303 7 3 4 0 6 2 1 5
0 0 303 3 2 1 4 6 5 7 0
0 0 304 0 4 7 6 5 2 3 1
0 0 301 5 7 3 1 4 6 0 2
0 0 301 5 4 3 1 6 7 0 2
0 0 303 1 0 5 3 7 4 2 6
0 0 302 3 6 0 5 2 1 7 4
0 0 296 5 4 2 0 3 1 7 6
0 0 299 6 3 0 4 5 1 2 7
0 0 299 6 2 0 4 7 5 1 3
0 0 305 6 1 0 2 5 3 4 7
0 0 300 2 5 6 7 1 3 4 0
0 0 306 7 3 4 1 6 2 0 5
0 0 306 3 2 0 4 6 5 7 1
0 0 307 2 4 7 6 5 0 3 1
0 0 302 5 7 3 1 4 0 6 2
0 0 302 5 4 3 1 6 7 2 0
0 0 304 1 5 0 3 7 4 2 6
0 0 303 3 6 5 0 2 1 7 4
0 0 299 5 4 2 7 3 1 0 6
0 0 300 6 3 4 0 5 1 2 7
0 0 300 6 2 4 0 7 5 1 3
0 0 306 6 1 2 0 5 3 4 7
0 0 302 2 5 6 7 0 3 4 1
0 0 307 7 3 4 1 6 2 5 0
0 0 307 3 2 4 0 6 5 7 1
0 0 308 2 4 7 6 5 3 0 1
0 0 303 5 7 3 1 0 4 6 2
0 0 304 5 4 3 1 0 7 2 6
0 0 305 1 5 3 0 7 4 2 6
0 0 306 3 6 5 7 2 1 0 4
0 0 300 5 4 2 7 3 1 6 0
0 0 302 0 3 4 6 5 1 2 7
0 0 303 6 2 4 1 7 5 0 3
0 0 309 6 1 2 4 5 3 0 7
0 0 305 2 0 6 7 5 3 4 1
0 0 310 7 3 0 1 6 2 5 4
0 0 310 3 2 4 7 6 5 0 1
0 0 309 2 4 7 6 5 3 1 0
0 0 306 5 0 3 1 7 4 6 2
0 0 307 5 0 3 1 4 7 2 6
0 0 308 1 5 3 2 7 4 0 6
0 0 307 3 6 5 7 2 1 4 0
0 0 302 5 4 2 7 0 1 6 3
0 0 305 1 3 4 6 5 0 2 7
0 0 304 6 2 4 1 7 5 3 0
0 0 310 6 1 2 4 5 3 7 0
0 0 306 2 6 0 7 5 3 4 1
0 0 311 7 3 1 0 6 2 5 4
0 0 311 3 2 4 7 6 5 1 0
0 0 312 2 4 0 6 5 3 1 7
0 0 307 5 3 0 1 7 4 6 2
0 0 308 5 3 0 1 4 7 2 6
0 0 309 1 5 3 2 7 4 6 0
0 0 309 3 6 5 7 0 1 4 2
0 0 305 5 0 2 7 4 1 6 3
0 0 306 1 3 4 6 5 2 0 7
0 0 307 6 2 0 1 7 5 3 4
0 0 313 6 1 0 4 5 3 7 2
0 0 307 2 6 7 0 5 3 4 1
0 0 313 0 3 1 7 6 2 5 4
0 0 314 3 2 0 7 6 5 1 4
0 0 313 2 4 6 0 5 3 1 7
0 0 308 5 3 1 0 7 4 6 2
0 0 309 5 3 1 0 4 7 2 6
0 0 312 1 5 0 2 7 4 6 3
0 0 312 3 0 5 7 6 1 4 2
0 0 306 5 2 0 7 4 1 6 3
0 0 307 1 3 4 6 5 2 7 0
0 0 308 6 2 1 0 7 5 3 4
0 0 314 6 0 1 4 5 3 7 2
0 0 310 2 6 7 4 5 3 0 1
0 0 314 3 0 1 7 6 2 5 4
0 0 315 3 2 7 0 6 5 1 4
0 0 316 2 4 6 1 5 3 0 7
0 0 311 5 3 1 6 7 4 0 2
0 0 312 5 3 1 2 4 7 0 6
0 0 313 1 5 2 0 7 4 6 3
0 0 313 3 5 0 7 6 1 4 2
0 0 307 5 2 7 0 4 1 6 3
0 0 310 1 3 0 6 5 2 7 4
0 0 311 6 2 1 3 7 5 0 4
0 0 315 0 6 1 4 5 3 7 2
0 0 311 2 6 7 4 5 3 1 0
0 0 315 3 2 1 7 6 0 5 4
0 0 318 3 2 7 1 6 5 0 4
0 0 317 2 4 6 1 5 3 7 0
0 0 312 5 3 1 6 7 4 2 0
0 0 313 5 3 1 2 4 7 6 0
0 0 316 1 5 2 6 7 4 0 3
0 0 314 3 5 7 0 6 1 4 2
0 0 310 5 2 7 6 4 1 0 3
0 0 311 1 3 6 0 5 2 7 4
0 0 312 6 2 1 3 7 5 4 0
0 0 317 4 6 1 0 5 3 7 2
0 0 314 2 6 0 4 5 3 1 7
0 0 316 3 2 1 7 0 6 5 4
0 0 319 3 2 7 1 6 5 4 0
0 0 320 2 4 0 1 5 3 7 6
0 0 315 5 3 0 6 7 4 2 1
0 0 316 5 3 0 2 4 7 6 1
0 0 317 1 5 2 6 7 4 3 0
0 0 317 3 5 7 4 6 1 0 2
0 0 311 5 2 7 6 4 1 3 0
0 0 314 1 3 6 7 5 2 0 4
0 0 315 6 2 0 3 7 5 4 1
0 0 320 4 6 1 7 5 3 0 2
0 0 315 2 6 4 0 5 3 1 7
0 0 319 3 0 1 7 2 6 5 4
0 0 321 3 2 7 1 0 5 4 6
0 0 321 2 4 1 0 5 3 7 6
0 0 316 5 3 6 0 7 4 2 1
0 0 317 5 3 2 0 4 7 6 1
0 0 320 1 5 0 6 7 4 3 2
0 0 318 3 5 7 4 6 1 2 0
0 0 314 5 2 0 6 4 1 3 7
0 0 315 1 3 6 7 5 2 4 0
0 0 316 6 0 2 3 7 5 4 1
0 0 321 4 6 1 7 5 3 2 0
0 0 318 2 6 4 1 5 3 0 7
0 0 320 3 1 0 7 2 6 5 4
0 0 322 3 2 7 1 5 0 4 6
0 0 324 2 4 1 7 5 3 0 6
0 0 319 5 3 6 2 7 4 0 1
0 0 320 5 3 2 6 4 7 0 1
0 0 321 1 5 6 0 7 4 3 2
0 0 321 3 5 0 4 6 1 2 7
0 0 315 5 2 6 0 4 1 3 7
0 0 318 1 3 0 7 5 2 4 6
0 0 317 0 6 2 3 7 5 4 1
0 0 324 4 6 0 7 5 3 2 1
0 0 319 2 6 4 1 5 3 7 0
0 0 321 3 1 7 0 2 6 5 4
0 0 323 3 2 7 1 5 4 0 6
0 0 325 2 4 1 7 5 3 6 0
0 0 320 5 3 6 2 7 4 1 0
0 0 321 5 3 2 6 4 7 1 0
0 0 324 1 5 6 3 7 4 0 2
0 0 322 3 5 4 0 6 1 2 7
0 0 318 5 2 6 3 4 1 0 7
0 0 319 1 3 7 0 5 2 4 6
0 0 320 5 6 2 3 7 0 4 1
0 0 325 4 6 7 0 5 3 2 1
0 0 322 2 6 0 1 5 3 7 4
0 0 324 3 1 7 5 2 6 0 4
0 0 324 3 2 7 1 5 4 6 0
0 0 328 2 4 0 7 5 3 6 1
0 0 323 5 3 0 2 7 4 1 6
0 0 324 5 3 0 6 4 7 1 2
0 0 325 1 5 6 3 7 4 2 0
0 0 325 3 5 4 2 6 1 0 7
0 0 319 5 2 6 3 4 1 7 0
0 0 322 1 3 7 4 5 2 0 6
0 0 321 5 6 2 3 7 4 0 1
0 0 328 4 6 7 2 5 3 0 1
0 0 323 2 6 1 0 5 3 7 4
0 0 325 3 1 7 5 2 6 4 0
0 0 327 3 2 0 1 5 4 6 7
0 0 329 2 4 7 0 5 3 6 1
0 0 324 5 3 2 0 7 4 1 6
0 0 325 5 3 6 0 4 7 1 2
0 0 327 1 5 6 3 0 4 2 7
0 0 326 3 5 4 2 6 1 7 0
0 0 322 5 2 0 3 4 1 7 6
0 0 323 1 3 7 4 5 2 6 0
0 0 322 5 6 2 3 7 4 1 0
0 0 329 4 6 7 2 5 3 1 0
0 0 326 2 6 1 7 5 3 0 4
0 0 328 3 1 0 5 2 6 4 7
0 0 328 3 2 1 0 5 4 6 7
0 0 331 0 4 7 2 5 3 6 1
0 0 327 5 3 2 1 7 4 0 6
0 0 328 5 3 6 1 4 7 0 2
0 0 330 1 0 6 3 5 4 2 7
0 0 329 3 5 0 2 6 1 7 4
0 0 323 5 2 3 0 4 1 7 6
0 0 326 1 3 0 4 5 2 6 7
0 0 325 5 6 0 3 7 4 1 2
0 0 332 4 6 0 2 5 3 1 7
0 0 327 2 6 1 7 5 3 4 0
0 0 329 3 1 5 0 2 6 4 7
0 0 331 3 2 1 6 5 4 0 7
0 0 334 3 4 7 2 5 0 6 1
0 0 328 5 3 2 1 7 4 6 0
0 0 329 5 3 6 1 4 0 7 2
0 0 331 1 6 0 3 5 4 2 7
0 0 330 3 5 2 0 6 1 7 4
0 0 326 5 2 3 7 4 1 0 6
0 0 327 1 3 4 0 5 2 6 7
0 0 326 5 6 3 0 7 4 1 2
0 0 333 4 6 2 0 5 3 1 7
0 0 329 2 6 1 7 0 3 4 5
0 0 332 3 1 5 4 2 6 0 7
0 0 332 3 2 1 6 5 4 7 0
0 0 335 3 4 7 2 0 5 6 1
0 0 330 5 3 2 1 0 4 6 7
0 0 330 5 3 6 1 0 4 7 2
0 0 332 1 6 3 0 5 4 2 7
0 0 333 3 5 2 7 6 1 0 4
0 0 327 5 2 3 7 4 1 6 0
0 0 329 0 3 4 1 5 2 6 7
0 0 329 5 6 3 1 7 4 0 2
0 0 336 4 6 2 1 5 3 0 7
0 0 332 2 0 1 7 6 3 4 5
0 0 333 3 1 5 4 2 6 7 0
0 0 335 3 2 0 6 5 4 7 1
0 0 338 3 0 7 2 4 5 6 1
0 0 333 5 0 2 1 3 4 6 7
0 0 333 5 0 6 1 3 4 7 2
0 0 335 1 6 3 2 5 4 0 7
0 0 334 3 5 2 7 6 1 4 0
0 0 329 5 2 3 7 0 1 6 4
0 0 330 3 0 4 1 5 2 6 7
0 0 330 5 6 3 1 7 4 2 0
0 0 337 4 6 2 1 5 3 7 0
0 0 333 0 2 1 7 6 3 4 5
0 0 336 3 1 0 4 2 6 7 5
0 0 336 3 2 6 0 5 4 7 1
0 0 339 3 7 0 2 4 5 6 1
0 0 334 5 2 0 1 3 4 6 7
0 0 334 5 6 0 1 3 4 7 2
0 0 336 1 6 3 2 5 4 7 0
0 0 336 3 5 2 7 0 1 4 6
0 0 332 5 0 3 7 2 1 6 4
0 0 331 3 4 0 1 5 2 6 7
0 0 333 5 6 0 1 7 4 2 3
0 0 339 4 6 2 1 0 3 7 5
0 0 334 6 2 1 7 0 3 4 5
0 0 337 3 1 4 0 2 6 7 5
0 0 339 3 2 6 7 5 4 0 1
0 0 340 3 7 2 0 4 5 6 1
0 0 335 5 2 1 0 3 4 6 7
0 0 335 5 6 1 0 3 4 7 2
0 0 339 1 6 0 2 5 4 7 3
0 0 339 3 0 2 7 5 1 4 6
0 0 333 5 3 0 7 2 1 6 4
0 0 332 3 4 1 0 5 2 6 7
0 0 334 5 6 1 0 7 4 2 3
0 0 342 4 0 2 1 6 3 7 5
0 0 337 6 0 1 7 2 3 4 5
0 0 340 3 1 4 7 2 6 0 5
0 0 340 3 2 6 7 5 4 1 0
0 0 343 3 7 2 6 4 5 0 1
0 0 338 5 2 1 6 3 4 0 7
0 0 338 5 6 1 7 3 4 0 2
0 0 340 1 6 2 0 5 4 7 3
0 0 340 3 2 0 7 5 1 4 6
0 0 334 5 3 7 0 2 1 6 4
0 0 335 3 4 1 6 5 2 0 7
0 0 337 5 6 1 2 7 4 0 3
0 0 343 4 2 0 1 6 3 7 5
0 0 338 6 3 1 7 2 0 4 5
0 0 341 3 1 4 7 2 6 5 0
0 0 343 3 2 0 7 5 4 1 6
0 0 344 3 7 2 6 4 5 1 0
0 0 339 5 2 1 6 3 4 7 0
0 0 339 5 6 1 7 3 4 2 0
0 0 343 1 6 2 7 5 4 0 3
0 0 341 3 2 7 0 5 1 4 6
0 0 337 5 3 7 6 2 1 0 4
0 0 336 3 4 1 6 5 2 7 0
0 0 338 5 6 1 2 7 4 3 0
0 0 344 4 2 1 0 6 3 7 5
0 0 339 6 3 1 7 2 4 0 5
0 0 343 3 1 4 7 0 6 5 2
0 0 344 3 2 7 0 5 4 1 6
0 0 347 3 7 0 6 4 5 1 2
0 0 342 5 2 0 6 3 4 7 1
0 0 342 5 6 0 7 3 4 2 1
0 0 344 1 6 2 7 5 4 3 0
0 0 344 3 2 7 4 5 1 0 6
0 0 338 5 3 7 6 2 1 4 0
0 0 339 3 4 0 6 5 2 7 1
0 0 341 5 6 0 2 7 4 3 1
0 0 347 4 2 1 7 6 3 0 5
0 0 340 6 3 1 7 2 4 5 0
0 0 346 3 0 4 7 1 6 5 2
0 0 346 0 2 7 3 5 4 1 6
0 0 348 3 7 6 0 4 5 1 2
0 0 343 5 2 6 0 3 4 7 1
0 0 343 5 6 7 0 3 4 2 1
0 0 347 1 6 0 7 5 4 3 2
0 0 345 3 2 7 4 5 1 6 0
0 0 341 5 3 0 6 2 1 4 7
0 0 340 3 4 6 0 5 2 7 1
0 0 342 5 6 2 0 7 4 3 1
0 0 348 4 2 1 7 6 3 5 0
0 0 343 6 3 0 7 2 4 5 1
0 0 347 3 4 0 7 1 6 5 2
0 0 349 4 2 7 3 5 0 1 6
0 0 351 3 7 6 1 4 5 0 2
0 0 346 5 2 6 7 3 4 0 1
0 0 346 5 6 7 2 3 4 0 1
0 0 348 1 6 7 0 5 4 3 2
0 0 348 3 2 0 4 5 1 6 7
0 0 342 5 3 6 0 2 1 4 7
0 0 343 3 4 6 7 5 2 0 1
0 0 344 0 6 2 5 7 4 3 1
0 0 351 4 2 0 7 6 3 5 1
0 0 344 6 3 7 0 2 4 5 1
0 0 348 3 4 7 0 1 6 5 2
0 0 350 4 2 7 3 5 1 0 6
0 0 352 3 7 6 1 4 5 2 0
0 0 347 5 2 6 7 3 4 1 0
0 0 347 5 6 7 2 3 4 1 0
0 0 351 1 6 7 3 5 4 0 2
0 0 349 3 2 4 0 5 1 6 7
0 0 345 5 3 6 4 2 1 0 7
0 0 344 3 4 6 7 5 2 1 0
0 0 347 4 6 2 5 7 0 3 1
0 0 352 4 2 7 0 6 3 5 1
0 0 347 6 3 7 5 2 4 0 1
0 0 351 3 4 7 5 1 6 0 2
0 0 351 4 2 7 3 5 1 6 0
0 0 355 3 7 0 1 4 5 2 6
0 0 350 5 2 0 7 3 4 1 6
0 0 350 5 6 0 2 3 4 1 7
0 0 352 1 6 7 3 5 4 2 0
0 0 352 3 2 4 6 5 1 0 7
0 0 346 5 3 6 4 2 1 7 0
0 0 347 3 4 0 7 5 2 1 6
0 0 348 4 6 2 5 7 3 0 1
0 0 355 4 2 7 5 6 3 0 1
0 0 348 6 3 7 5 2 4 1 0
0 0 352 3 4 7 5 1 6 2 0
0 0 354 4 2 0 3 5 1 6 7
0 0 356 3 7 1 0 4 5 2 6
0 0 351 5 2 7 0 3 4 1 6
0 0 351 5 6 2 0 3 4 1 7
0 0 354 1 6 7 3 0 4 2 5
0 0 353 3 2 4 6 5 1 7 0
0 0 349 5 3 0 4 2 1 7 6
0 0 348 3 4 7 0 5 2 1 6
0 0 349 4 6 2 5 7 3 1 0
0 0 356 4 2 7 5 6 3 1 0
0 0 351 6 3 0 5 2 4 1 7
0 0 355 3 4 0 5 1 6 2 7
0 0 355 4 2 3 0 5 1 6 7
0 0 359 3 7 1 2 4 5 0 6
0 0 354 5 2 7 1 3 4 0 6
0 0 354 5 6 2 1 3 4 0 7
0 0 357 1 0 7 3 6 4 2 5
0 0 356 3 2 0 6 5 1 7 4
0 0 350 5 3 4 0 2 1 7 6
0 0 351 3 4 7 1 5 2 0 6
0 0 352 4 6 0 5 7 3 1 2
0 0 359 4 2 0 5 6 3 1 7
0 0 352 6 3 5 0 2 4 1 7
0 0 356 3 4 5 0 1 6 2 7
0 0 358 4 2 3 6 5 1 0 7
0 0 360 3 7 1 2 4 5 6 0
0 0 355 5 2 7 1 3 4 6 0
0 0 355 5 6 2 1 3 4 7 0
0 0 358 1 7 0 3 6 4 2 5
0 0 357 3 2 6 0 5 1 7 4
0 0 353 5 3 4 7 2 1 0 6
0 0 352 3 4 7 1 5 2 6 0
0 0 353 4 6 5 0 7 3 1 2
0 0 360 4 2 5 0 6 3 1 7
0 0 355 6 3 5 1 2 4 0 7
0 0 359 3 4 5 2 1 6 0 7
0 0 359 4 2 3 6 5 1 7 0
0 0 362 3 7 1 2 0 5 6 4
0 0 357 5 2 7 1 0 4 6 3
0 0 357 5 6 2 1 0 4 7 3
0 0 359 1 7 3 0 6 4 2 5
0 0 360 3 2 6 7 5 1 0 4
0 0 354 5 3 4 7 2 1 6 0
0 0 354 3 4 7 1 0 2 6 5
0 0 356 4 6 5 1 7 3 0 2
0 0 363 4 2 5 1 6 3 0 7
0 0 356 6 3 5 1 2 4 7 0
0 0 360 3 4 5 2 1 6 7 0
0 0 362 4 2 0 6 5 1 7 3
0 0 365 3 0 1 2 7 5 6 4
0 0 360 5 0 7 1 2 4 6 3
0 0 360 5 0 2 1 6 4 7 3
0 0 362 1 7 3 2 6 4 0 5
0 0 361 3 2 6 7 5 1 4 0
0 0 355 5 3 4 0 2 1 6 7
0 0 357 3 0 7 1 4 2 6 5
0 0 357 4 6 5 1 7 3 2 0
0 0 364 4 2 5 1 6 3 7 0
0 0 359 6 3 0 1 2 4 7 5
0 0 363 3 4 0 2 1 6 7 5
0 0 363 4 2 6 0 5 1 7 3
0 0 366 3 1 0 2 7 5 6 4
0 0 361 5 7 0 1 2 4 6 3
0 0 361 5 2 0 1 6 4 7 3
0 0 363 1 7 3 2 6 4 5 0
0 0 363 3 2 6 7 0 1 4 5
0 0 357 0 3 4 5 2 1 6 7
0 0 358 3 7 0 1 4 2 6 5
0 0 360 4 6 0 1 7 3 2 5
0 0 366 4 2 5 1 0 3 7 6
0 0 360 6 3 1 0 2 4 7 5
0 0 364 3 4 2 0 1 6 7 5
0 0 366 4 2 6 7 5 1 0 3
0 0 367 3 1 2 0 7 5 6 4
0 0 362 5 7 1 0 2 4 6 3
0 0 362 5 2 1 0 6 4 7 3
0 0 366 1 7 0 2 6 4 5 3
0 0 364 3 2 6 7 1 0 4 5
0 0 360 1 3 4 5 2 0 6 7
0 0 359 3 7 1 0 4 2 6 5
0 0 361 4 6 1 0 7 3 2 5
0 0 369 4 0 5 1 2 3 7 6
0 0 362 0 3 1 6 2 4 7 5
0 0 367 3 4 2 7 1 6 0 5
0 0 367 4 2 6 7 5 1 3 0
0 0 370 3 1 2 6 7 5 0 4
0 0 365 5 7 1 6 2 4 0 3
0 0 365 5 2 1 7 6 4 0 3
0 0 367 1 7 2 0 6 4 5 3
0 0 365 3 2 6 7 1 4 0 5
0 0 361 1 3 4 5 2 6 0 7
0 0 362 3 7 1 6 4 2 0 5
0 0 364 4 6 1 2 7 3 0 5
0 0 370 4 5 0 1 2 3 7 6
0 0 365 4 3 1 6 2 0 7 5
0 0 368 3 4 2 7 1 6 5 0
0 0 370 4 2 0 7 5 1 3 6
0 0 371 3 1 2 6 7 5 4 0
0 0 366 5 7 1 6 2 4 3 0
0 0 366 5 2 1 7 6 4 3 0
0 0 370 1 7 2 5 6 4 0 3
0 0 366 3 2 6 7 1 4 5 0
0 0 362 1 3 4 5 2 6 7 0
0 0 363 3 7 1 6 4 2 5 0
0 0 365 4 6 1 2 7 3 5 0
0 0 371 4 5 1 0 2 3 7 6
0 0 366 4 3 1 6 0 2 7 5
0 0 370 3 4 2 7 0 6 5 1
0 0 371 4 2 7 0 5 1 3 6
0 0 374 3 1 0 6 7 5 4 2
0 0 369 5 7 0 6 2 4 3 1
0 0 369 5 2 0 7 6 4 3 1
0 0 371 1 7 2 5 6 4 3 0
0 0 369 3 2 0 7 1 4 5 6
0 0 365 1 3 0 5 2 6 7 4
0 0 366 3 7 0 6 4 2 5 1
0 0 368 4 6 0 2 7 3 5 1
0 0 374 4 5 1 7 2 3 0 6
0 0 369 4 0 1 6 3 2 7 5
0 0 373 3 0 2 7 4 6 5 1
0 0 373 0 2 7 4 5 1 3 6
0 0 375 3 1 6 0 7 5 4 2
0 0 370 5 7 6 0 2 4 3 1
0 0 370 5 2 7 0 6 4 3 1
0 0 374 1 7 0 5 6 4 3 2
0 0 370 3 2 7 0 1 4 5 6
0 0 366 1 3 5 0 2 6 7 4
0 0 367 3 7 6 0 4 2 5 1
0 0 369 4 6 2 0 7 3 5 1
0 0 375 4 5 1 7 2 3 6 0
0 0 370 4 1 0 6 3 2 7 5
0 0 374 3 2 0 7 4 6 5 1
0 0 376 1 2 7 4 5 0 3 6
0 0 378 3 1 6 4 7 5 0 2
0 0 373 5 7 6 3 2 4 0 1
0 0 373 5 2 7 3 6 4 0 1
0 0 375 1 7 5 0 6 4 3 2
0 0 373 3 2 7 5 1 4 0 6
0 0 369 1 3 5 7 2 6 0 4
0 0 370 3 7 6 5 4 2 0 1
0 0 371 0 6 2 4 7 3 5 1
0 0 378 4 5 0 7 2 3 6 1
0 0 371 4 1 6 0 3 2 7 5
0 0 375 3 2 7 0 4 6 5 1
0 0 377 1 2 7 4 5 3 0 6
0 0 379 3 1 6 4 7 5 2 0
0 0 374 5 7 6 3 2 4 1 0
0 0 374 5 2 7 3 6 4 1 0
0 0 378 1 7 5 3 6 4 0 2
0 0 374 3 2 7 5 1 4 6 0
0 0 370 1 3 5 7 2 6 4 0
0 0 371 3 7 6 5 4 2 1 0
0 0 374 3 6 2 4 7 0 5 1
0 0 379 4 5 7 0 2 3 6 1
0 0 374 4 1 6 7 3 2 0 5
0 0 378 3 2 7 5 4 6 0 1
0 0 378 1 2 7 4 5 3 6 0
0 0 382 3 1 0 4 7 5 2 6
0 0 377 5 7 0 3 2 4 1 6
0 0 377 5 2 0 3 6 4 1 7
0 0 379 1 7 5 3 6 0 4 2
0 0 377 3 2 0 5 1 4 6 7
0 0 373 1 3 0 7 2 6 4 5
0 0 374 3 7 0 5 4 2 1 6
0 0 375 3 6 2 4 0 7 5 1
0 0 382 4 5 7 6 2 3 0 1
0 0 375 4 1 6 7 3 2 5 0
0 0 379 3 2 7 5 4 6 1 0
0 0 381 1 2 0 4 5 3 6 7
0 0 383 3 1 4 0 7 5 2 6
0 0 378 5 7 3 0 2 4 1 6
0 0 378 5 2 3 0 6 4 1 7
0 0 380 1 7 5 3 0 6 4 2
0 0 378 3 2 5 0 1 4 6 7
0 0 374 1 3 7 0 2 6 4 5
0 0 375 3 7 5 0 4 2 1 6
0 0 378 3 0 2 4 6 7 5 1
0 0 383 4 5 7 6 2 3 1 0
0 0 378 4 1 0 7 3 2 5 6
0 0 382 3 2 0 5 4 6 1 7
0 0 382 1 2 4 0 5 3 6 7
0 0 386 3 1 4 2 7 5 0 6
0 0 381 5 7 3 1 2 4 0 6
0 0 381 5 2 3 1 6 4 0 7
0 0 383 1 0 5 3 7 6 4 2
0 0 381 3 2 5 6 1 4 0 7
0 0 377 1 3 7 4 2 6 0 5
0 0 378 3 7 5 1 4 2 0 6
0 0 379 3 2 0 4 6 7 5 1
0 0 386 4 5 0 6 2 3 1 7
0 0 379 4 1 7 0 3 2 5 6
0 0 383 3 2 5 0 4 6 1 7
0 0 385 1 2 4 6 5 3 0 7
0 0 387 3 1 4 2 7 5 6 0
0 0 382 5 7 0 1 2 4 3 6
0 0 382 5 2 3 1 6 4 7 0
0 0 384 1 5 0 3 7 6 4 2
0 0 382 3 2 5 6 1 4 7 0
0 0 378 1 3 7 4 2 6 5 0
0 0 379 3 7 5 1 4 2 6 0
0 0 380 3 2 4 0 6 7 5 1
0 0 387 4 5 6 0 2 3 1 7
0 0 382 4 1 7 5 3 2 0 6
0 0 386 3 2 5 1 4 6 0 7
0 0 386 1 2 4 6 5 3 7 0
0 0 389 3 1 4 2 0 5 6 7
0 0 383 5 0 7 1 2 4 3 6
0 0 384 5 2 3 1 0 4 7 6
0 0 385 1 5 3 0 7 6 4 2
0 0 385 3 2 0 6 1 4 7 5
0 0 381 1 3 0 4 2 6 5 7
0 0 381 3 7 5 1 0 2 6 4
0 0 383 3 2 4 5 6 7 0 1
0 0 390 4 5 6 1 2 3 0 7
0 0 383 4 1 7 5 3 2 6 0
0 0 387 3 2 5 1 4 6 7 0
0 0 389 1 2 0 6 5 3 7 4
0 0 392 3 0 4 2 1 5 6 7
0 0 384 0 5 7 1 2 4 3 6
0 0 387 5 0 3 1 2 4 7 6
0 0 388 1 5 3 4 7 6 0 2
0 0 386 3 2 6 0 1 4 7 5
0 0 382 1 3 4 0 2 6 5 7
0 0 384 3 0 5 1 7 2 6 4
0 0 384 3 2 4 5 6 7 1 0
0 0 391 4 5 6 1 2 3 7 0
0 0 386 4 1 0 5 3 2 6 7
0 0 390 3 2 0 1 4 6 7 5
0 0 390 1 2 6 0 5 3 7 4
0 0 393 3 4 0 2 1 5 6 7
0 0 387 4 5 7 1 2 0 3 6
0 0 388 0 5 3 1 2 4 7 6
0 0 389 1 5 3 4 7 6 2 0
0 0 388 0 2 6 3 1 4 7 5
0 0 384 0 3 4 1 2 6 5 7
0 0 385 3 5 0 1 7 2 6 4
0 0 387 3 2 0 5 6 7 1 4
0 0 393 4 5 6 1 0 3 7 2
0 0 387 4 1 5 0 3 2 6 7
0 0 391 3 2 1 0 4 6 7 5
0 0 393 1 2 6 7 5 3 0 4
0 0 394 3 4 2 0 1 5 6 7
0 0 388 4 5 7 1 0 2 3 6
0 0 391 4 5 3 1 2 0 7 6
0 0 392 1 5 0 4 7 6 2 3
0 0 391 4 2 6 3 1 0 7 5
0 0 387 6 3 4 1 2 0 5 7
0 0 386 3 5 1 0 7 2 6 4
0 0 388 3 2 5 0 6 7 1 4
0 0 396 4 0 6 1 5 3 7 2
0 0 390 4 1 5 6 3 2 0 7
0 0 394 3 2 1 7 4 6 0 5
0 0 394 1 2 6 7 5 3 4 0
0 0 397 3 4 2 6 1 5 0 7
0 0 391 4 0 7 1 5 2 3 6
0 0 392 4 5 3 1 2 7 0 6
0 0 393 1 5 4 0 7 6 2 3
0 0 392 4 2 6 3 1 7 0 5
0 0 388 6 3 4 1 2 5 0 7
0 0 389 3 5 1 6 7 2 0 4
0 0 391 3 2 5 1 6 7 0 4
0 0 397 0 4 6 1 5 3 7 2
0 0 391 4 1 5 6 3 2 7 0
0 0 395 3 2 1 7 4 0 6 5
0 0 397 1 2 0 7 5 3 4 6
0 0 398 3 4 2 6 1 5 7 0
0 0 392 4 7 0 1 5 2 3 6
0 0 393 4 5 3 1 2 7 6 0
0 0 396 1 5 4 2 7 6 0 3
0 0 393 4 2 6 3 1 7 5 0
0 0 389 6 3 4 1 2 5 7 0
0 0 390 3 5 1 6 7 2 4 0
0 0 392 3 2 5 1 6 7 4 0
0 0 400 3 4 6 1 5 0 7 2
0 0 393 4 1 5 6 0 2 7 3
0 0 396 3 2 1 7 0 4 6 5
0 0 398 1 2 7 0 5 3 4 6
0 0 401 3 4 0 6 1 5 7 2
0 0 393 4 7 1 0 5 2 3 6
0 0 396 4 5 0 1 2 7 6 3
0 0 397 1 5 4 2 7 6 3 0
0 0 396 4 2 0 3 1 7 5 6
0 0 392 6 3 0 1 2 5 7 4
0 0 393 3 5 0 6 7 2 4 1
0 0 395 3 2 0 1 6 7 4 5
0 0 401 3 4 6 1 5 7 0 2
0 0 396 4 0 5 6 1 2 7 3
0 0 399 3 0 1 7 2 4 6 5
0 0 400 0 2 7 1 5 3 4 6
0 0 402 3 4 6 0 1 5 7 2
0 0 396 4 7 1 3 5 2 0 6
0 0 397 4 5 1 0 2 7 6 3
0 0 400 1 5 0 2 7 6 3 4
0 0 397 4 2 3 0 1 7 5 6
0 0 393 6 3 1 0 2 5 7 4
0 0 394 3 5 6 0 7 2 4 1
0 0 396 3 2 1 0 6 7 4 5
0 0 402 3 4 6 1 5 7 2 0
0 0 397 4 5 0 6 1 2 7 3
0 0 400 0 3 1 7 2 4 6 5
0 0 401 2 0 7 1 5 3 4 6
0 0 405 3 4 6 7 1 5 0 2
0 0 397 4 7 1 3 5 2 6 0
0 0 400 4 5 1 6 2 7 0 3
0 0 401 1 5 2 0 7 6 3 4
0 0 400 4 2 3 5 1 7 0 6
0 0 396 6 3 1 7 2 5 0 4
0 0 397 3 5 6 4 7 2 0 1
0 0 399 3 2 1 4 6 7 0 5
0 0 405 3 4 0 1 5 7 2 6
0 0 398 4 5 6 0 1 2 7 3
0 0 403 4 3 1 7 2 0 6 5
0 0 402 2 7 0 1 5 3 4 6
0 0 406 3 4 6 7 1 5 2 0
0 0 400 4 7 0 3 5 2 6 1
0 0 401 4 5 1 6 2 7 3 0
0 0 404 1 5 2 3 7 6 0 4
0 0 401 4 2 3 5 1 7 6 0
0 0 397 6 3 1 7 2 5 4 0
0 0 398 3 5 6 4 7 2 1 0
0 0 400 3 2 1 4 6 7 5 0
0 0 406 3 4 1 0 5 7 2 6
0 0 401 4 5 6 7 1 2 0 3
0 0 404 4 3 1 7 2 6 0 5
0 0 403 2 7 1 0 5 3 4 6
0 0 409 3 4 0 7 1 5 2 6
0 0 401 4 7 3 0 5 2 6 1
0 0 404 4 5 0 6 2 7 3 1
0 0 405 1 5 2 3 7 6 4 0
0 0 404 4 2 0 5 1 7 6 3
0 0 400 6 3 0 7 2 5 4 1
0 0 401 3 5 0 4 7 2 1 6
0 0 402 3 2 1 4 0 7 5 6
0 0 409 3 4 1 2 5 7 0 6
0 0 402 4 5 6 7 1 2 3 0
0 0 405 4 3 1 7 2 6 5 0
0 0 406 2 7 1 4 5 3 0 6
0 0 410 3 4 7 0 1 5 2 6
0 0 404 4 7 3 6 5 2 0 1
0 0 405 4 5 6 0 2 7 3 1
0 0 407 1 5 2 3 0 6 4 7
0 0 405 4 2 5 0 1 7 6 3
0 0 401 6 3 7 0 2 5 4 1
0 0 402 3 5 4 0 7 2 1 6
0 0 405 3 0 1 4 2 7 5 6
0 0 410 3 4 1 2 5 7 6 0
0 0 405 4 5 0 7 1 2 3 6
0 0 408 4 3 0 7 2 6 5 1
0 0 407 2 7 1 4 5 3 6 0
0 0 413 3 4 7 2 1 5 0 6
0 0 405 4 7 3 6 5 2 1 0
0 0 407 0 5 6 4 2 7 3 1
0 0 408 1 5 2 3 6 0 4 7
0 0 410 1 0 2 3 5 6 4 7
0 0 408 4 2 5 6 1 7 0 3
0 0 404 6 3 7 4 2 5 0 1
0 0 405 3 5 4 1 7 2 0 6
0 0 406 3 1 0 4 2 7 5 6
0 0 413 3 4 0 2 5 7 6 1
0 0 406 4 5 7 0 1 2 3 6
0 0 409 4 3 7 0 2 6 5 1
0 0 410 2 7 0 4 5 3 6 1
0 0 414 3 4 7 2 1 0 5 6
0 0 408 4 7 0 6 5 2 1 3
0 0 408 5 0 6 4 2 7 3 1
0 0 409 1 5 2 3 6 4 0 7
0 0 411 1 2 0 3 5 6 4 7
0 0 409 4 2 5 6 1 7 3 0
0 0 405 6 3 7 4 2 5 1 0
0 0 406 3 5 4 1 7 2 6 0
0 0 407 3 1 4 0 2 7 5 6
0 0 414 3 4 2 0 5 7 6 1
0 0 409 4 5 7 3 1 2 0 6
0 0 412 4 3 7 5 2 6 0 1
0 0 411 2 7 4 0 5 3 6 1
0 0 415 3 4 7 2 0 1 5 6
0 0 409 4 7 6 0 5 2 1 3
0 0 409 5 6 0 4 2 7 3 1
0 0 410 1 5 2 3 6 4 7 0
0 0 412 1 2 3 0 5 6 4 7
0 0 412 4 2 0 6 1 7 3 5
0 0 408 6 3 0 4 2 5 1 7
0 0 407 3 5 4 0 7 2 6 1
0 0 410 3 1 4 5 2 7 0 6
0 0 417 3 4 2 6 5 7 0 1
0 0 410 4 5 7 3 1 2 6 0
0 0 413 4 3 7 5 2 6 1 0
0 0 414 2 7 4 6 5 3 0 1
0 0 418 3 0 7 2 4 1 5 6
0 0 412 4 7 6 1 5 2 0 3
0 0 410 5 6 4 0 2 7 3 1
0 0 413 1 5 0 3 6 4 7 2
0 0 415 1 2 3 4 5 6 0 7
0 0 413 4 2 6 0 1 7 3 5
0 0 409 6 3 4 0 2 5 1 7
0 0 409 0 5 4 3 7 2 6 1
0 0 411 3 1 4 5 2 7 6 0
0 0 418 3 4 2 6 5 7 1 0
0 0 413 4 5 0 3 1 2 6 7
0 0 416 4 3 0 5 2 6 1 7
0 0 415 2 7 4 6 5 3 1 0
0 0 419 0 3 7 2 4 1 5 6
0 0 413 4 7 6 1 5 2 3 0
0 0 413 5 6 4 3 2 7 0 1
0 0 414 1 5 3 0 6 4 7 2
0 0 416 1 2 3 4 5 6 7 0
