0 0 0 5 2 3 1 0 6 7 4
1 0 0 0 2 3 1 5 6 7 4
1 0 0 5 2 3 1 6 0 7 4
2 0 0 5 2 3 1 4 6 7 0
2 0 0 5 0 3 1 6 2 7 4
2 0 0 5 2 3 1 6 7 0 4
2 0 0 2 0 3 1 5 6 7 4
3 0 0 5 2 3 0 4 6 7 1
3 0 0 5 0 3 1 2 6 7 4
3 0 0 5 2 3 1 6 7 4 0
3 0 0 2 3 0 1 5 6 7 4
3 0 0 5 3 0 1 6 2 7 4
3 0 0 5 2 0 1 6 7 3 4
3 0 0 2 6 3 1 5 0 7 4
3 0 0 1 2 3 0 5 6 7 4
3 0 0 0 5 3 1 6 2 7 4
3 0 0 5 2 3 1 4 6 0 7
4 0 0 5 6 3 1 2 0 7 4
4 0 0 0 5 3 1 2 6 7 4
4 0 0 5 3 0 1 2 6 7 4
4 0 0 5 2 3 1 4 0 6 7
4 0 0 5 2 0 3 4 6 7 1
4 0 0 5 2 0 1 4 6 3 7
4 0 0 6 5 3 1 0 2 7 4
4 0 0 6 2 3 1 5 0 7 4
4 0 0 2 6 3 1 5 7 0 4
4 0 0 1 2 0 3 5 6 7 4
4 0 0 1 2 3 4 5 6 7 0
