0 0 0 5 2 3 1 0 6 7 4
0 0 1 0 2 3 1 5 6 7 4
0 0 1 5 2 3 1 6 0 7 4
0 0 3 5 0 3 1 2 6 7 4
0 0 4 6 2 3 1 5 0 7 4
0 0 2 5 0 3 1 6 2 7 4
0 0 4 5 6 3 1 2 0 7 4
0 0 4 5 3 0 1 2 6 7 4
0 0 5 6 2 3 1 5 7 0 4
0 0 3 5 3 0 1 6 2 7 4
0 0 5 5 6 3 1 2 7 0 4
0 0 5 5 3 1 0 2 6 7 4
0 0 6 6 2 0 1 5 7 3 4
0 0 4 5 3 7 1 6 2 0 4
0 0 4 5 3 1 0 6 2 7 4
0 0 6 5 6 3 1 2 7 4 0
0 0 8 5 3 1 7 2 6 0 4
0 0 7 6 2 1 0 5 7 3 4
0 0 5 5 3 7 1 6 2 4 0
0 0 7 5 3 1 7 6 2 0 4
0 0 9 5 6 0 1 2 7 4 3
0 0 9 5 3 1 7 2 6 4 0
0 0 10 6 2 1 3 5 7 0 4
0 0 7 5 3 7 1 0 2 4 6
0 0 8 5 3 0 7 6 2 1 4
0 0 8 5 3 1 7 6 2 4 0
0 0 10 5 6 1 0 2 7 4 3
0 0 12 5 3 0 7 2 6 4 1
0 0 11 6 2 1 3 5 7 4 0
0 0 10 5 0 7 1 3 2 4 6
0 0 9 5 3 7 0 6 2 1 4
0 0 11 5 3 0 7 6 2 4 1
0 0 13 5 6 1 4 2 7 0 3
0 0 13 5 3 7 0 2 6 4 1
0 0 14 6 2 0 3 5 7 4 1
0 0 11 5 7 0 1 3 2 4 6
0 0 11 0 3 7 5 6 2 1 4
0 0 12 5 0 3 7 6 2 4 1
0 0 14 5 6 1 4 2 7 3 0
0 0 16 5 3 7 4 2 6 0 1
0 0 15 6 2 3 0 5 7 4 1
0 0 12 5 7 1 0 3 2 4 6
0 0 12 3 0 7 5 6 2 1 4
0 0 13 5 2 3 7 6 0 4 1
0 0 13 0 5 3 7 6 2 4 1
0 0 17 5 6 0 4 2 7 3 1
0 0 17 5 3 7 4 2 6 1 0
0 0 18 6 2 3 4 5 7 0 1
0 0 15 5 7 1 4 3 2 0 6
0 0 13 3 7 0 5 6 2 1 4
0 0 14 5 2 3 7 6 4 0 1
0 0 16 2 5 3 7 6 0 4 1
0 0 18 5 6 4 0 2 7 3 1
0 0 20 5 3 0 4 2 6 1 7
0 0 19 6 2 3 4 5 7 1 0
0 0 16 5 7 1 4 3 2 6 0
0 0 14 3 7 5 0 6 2 1 4
0 0 15 5 2 3 7 6 4 1 0
0 0 17 2 5 3 7 6 4 0 1
0 0 21 5 6 4 3 2 7 0 1
0 0 21 5 3 4 0 2 6 1 7
0 0 22 6 2 0 4 5 7 1 3
0 0 19 5 7 0 4 3 2 6 1
0 0 17 3 7 5 1 6 2 0 4
0 0 18 5 2 0 7 6 4 1 3
0 0 18 2 5 3 7 6 4 1 0
0 0 22 5 6 4 3 2 7 1 0
0 0 24 5 3 4 1 2 6 0 7
0 0 23 6 2 4 0 5 7 1 3
0 0 20 5 7 4 0 3 2 6 1
0 0 18 3 7 5 1 6 2 4 0
0 0 19 5 2 7 0 6 4 1 3
0 0 21 2 5 0 7 6 4 1 3
0 0 25 5 6 0 3 2 7 1 4
0 0 25 5 3 4 1 2 6 7 0
0 0 26 6 2 4 1 5 7 0 3
0 0 23 5 7 4 6 3 2 0 1
0 0 21 3 7 0 1 6 2 4 5
0 0 22 5 2 7 1 6 4 0 3
0 0 22 2 0 5 7 6 4 1 3
0 0 22 2 5 7 0 6 4 1 3
0 0 26 5 6 3 0 2 7 1 4
0 0 27 5 3 4 1 0 6 7 2
0 0 27 6 2 4 1 5 7 3 0
0 0 24 5 7 4 6 3 2 1 0
0 0 22 3 7 1 0 6 2 4 5
0 0 23 5 2 7 1 6 4 3 0
0 0 23 0 2 5 7 6 4 1 3
0 0 25 2 5 7 1 6 4 0 3
0 0 28 0 6 3 5 2 7 1 4
0 0 30 5 0 4 1 3 6 7 2
0 0 29 6 2 4 1 0 7 3 5
0 0 27 5 7 0 6 3 2 1 4
0 0 25 3 7 1 4 6 2 0 5
0 0 26 5 2 0 1 6 4 3 7
0 0 26 4 2 5 7 6 0 1 3
0 0 26 2 5 7 1 6 4 3 0
0 0 31 7 6 3 5 2 0 1 4
0 0 31 5 4 0 1 3 6 7 2
0 0 32 6 0 4 1 2 7 3 5
0 0 28 5 7 6 0 3 2 1 4
0 0 26 3 7 1 4 6 2 5 0
0 0 27 5 2 1 0 6 4 3 7
0 0 27 4 2 5 7 6 1 0 3
0 0 29 2 5 0 1 6 4 3 7
0 0 32 7 6 3 5 2 1 0 4
0 0 32 5 4 1 0 3 6 7 2
0 0 33 6 4 0 1 2 7 3 5
0 0 31 5 7 6 1 3 2 0 4
0 0 29 3 7 0 4 6 2 5 1
0 0 30 5 2 1 3 6 4 0 7
0 0 28 4 2 5 7 6 1 3 0
0 0 30 2 5 1 0 6 4 3 7
0 0 33 7 6 3 5 2 1 4 0
0 0 35 5 4 1 7 3 6 0 2
0 0 34 6 4 1 0 2 7 3 5
0 0 32 5 7 6 1 3 2 4 0
0 0 30 3 7 4 0 6 2 5 1
0 0 31 5 2 1 3 6 4 7 0
0 0 31 4 2 0 7 6 1 3 5
0 0 33 2 5 1 3 6 4 0 7
0 0 36 7 6 0 5 2 1 4 3
0 0 36 5 4 1 7 3 6 2 0
0 0 37 6 4 1 3 2 7 0 5
0 0 34 5 7 6 1 0 2 4 3
0 0 33 3 7 4 5 6 2 0 1
0 0 34 5 2 0 3 6 4 7 1
0 0 32 4 2 7 0 6 1 3 5
0 0 34 2 5 1 3 6 4 7 0
0 0 37 7 6 5 0 2 1 4 3
0 0 39 5 4 0 7 3 6 2 1
0 0 38 6 4 1 3 2 7 5 0
0 0 37 5 0 6 1 7 2 4 3
0 0 34 3 7 4 5 6 2 1 0
0 0 35 5 2 3 0 6 4 7 1
0 0 35 4 2 7 3 6 1 0 5
0 0 37 2 5 0 3 6 4 7 1
0 0 40 7 6 5 4 2 1 0 3
0 0 40 5 4 7 0 3 6 2 1
0 0 41 6 4 0 3 2 7 5 1
0 0 38 5 6 0 1 7 2 4 3
0 0 36 3 7 4 5 0 2 1 6
0 0 37 0 2 3 5 6 4 7 1
0 0 36 4 2 7 3 6 1 5 0
0 0 38 2 5 3 0 6 4 7 1
0 0 41 7 6 5 4 2 1 3 0
0 0 43 5 4 7 2 3 6 0 1
0 0 42 6 4 3 0 2 7 5 1
0 0 39 5 6 1 0 7 2 4 3
0 0 39 3 0 4 5 7 2 1 6
0 0 38 2 0 3 5 6 4 7 1
0 0 40 4 2 3 5 6 0 7 1
0 0 39 4 2 0 3 6 1 5 7
0 0 40 0 5 3 2 6 4 7 1
0 0 44 7 6 0 4 2 1 3 5
0 0 44 5 4 7 2 3 6 1 0
0 0 45 6 4 3 5 2 7 0 1
0 0 42 5 6 1 4 7 2 0 3
0 0 40 3 4 0 5 7 2 1 6
0 0 39 2 3 0 5 6 4 7 1
0 0 41 4 2 3 5 6 7 0 1
0 0 40 4 2 3 0 6 1 5 7
0 0 43 4 5 3 2 6 0 7 1
0 0 45 7 6 4 0 2 1 3 5
0 0 47 5 4 0 2 3 6 1 7
0 0 46 6 4 3 5 2 7 1 0
0 0 43 5 6 1 4 7 2 3 0
0 0 41 3 4 5 0 7 2 1 6
0 0 40 2 3 5 0 6 4 7 1
0 0 42 4 2 3 5 6 7 1 0
0 0 43 4 2 3 5 6 1 0 7
0 0 44 4 5 3 2 6 7 0 1
0 0 48 7 6 4 3 2 1 0 5
0 0 48 5 4 2 0 3 6 1 7
0 0 49 6 4 0 5 2 7 1 3
0 0 46 5 6 0 4 7 2 3 1
0 0 44 3 4 5 1 7 2 0 6
0 0 43 2 3 5 7 6 4 0 1
0 0 45 4 2 0 5 6 7 1 3
0 0 44 4 2 3 5 6 1 7 0
0 0 45 4 5 3 2 6 7 1 0
0 0 49 7 6 4 3 2 1 5 0
0 0 51 5 4 2 1 3 6 0 7
0 0 50 6 4 5 0 2 7 1 3
0 0 47 5 6 4 0 7 2 3 1
0 0 45 3 4 5 1 7 2 6 0
0 0 44 2 3 5 7 6 4 1 0
0 0 46 4 2 5 0 6 7 1 3
0 0 47 4 2 0 5 6 1 7 3
0 0 48 4 5 0 2 6 7 1 3
0 0 52 7 6 0 3 2 1 5 4
0 0 52 5 4 2 1 3 6 7 0
0 0 53 6 4 5 1 2 7 0 3
0 0 50 5 6 4 3 7 2 0 1
0 0 48 3 4 0 1 7 2 6 5
0 0 47 2 3 0 7 6 4 1 5
0 0 49 4 2 5 1 6 7 0 3
0 0 48 4 2 5 0 6 1 7 3
0 0 49 4 5 2 0 6 7 1 3
0 0 53 7 6 3 0 2 1 5 4
0 0 54 5 4 2 1 0 6 7 3
0 0 54 6 4 5 1 2 7 3 0
0 0 51 5 6 4 3 7 2 1 0
0 0 49 3 4 1 0 7 2 6 5
0 0 48 2 3 7 0 6 4 1 5
0 0 50 4 2 5 1 6 7 3 0
0 0 50 0 2 5 4 6 1 7 3
0 0 52 4 5 2 1 6 7 0 3
0 0 55 0 6 3 7 2 1 5 4
0 0 57 5 0 2 1 4 6 7 3
0 0 56 6 4 5 1 0 7 3 2
0 0 54 5 6 0 3 7 2 1 4
0 0 52 3 4 1 6 7 2 0 5
0 0 51 2 3 7 1 6 4 0 5
0 0 53 4 2 0 1 6 7 3 5
0 0 53 1 2 5 4 6 0 7 3
0 0 53 4 5 2 1 6 7 3 0
0 0 58 1 6 3 7 2 0 5 4
0 0 58 5 2 0 1 4 6 7 3
0 0 59 6 0 5 1 4 7 3 2
0 0 55 5 6 3 0 7 2 1 4
0 0 53 3 4 1 6 7 2 5 0
0 0 52 2 3 7 1 6 4 5 0
0 0 54 4 2 1 0 6 7 3 5
0 0 54 1 2 5 4 6 7 0 3
0 0 56 4 5 0 1 6 7 3 2
0 0 59 1 6 3 7 2 5 0 4
0 0 59 5 2 1 0 4 6 7 3
0 0 60 6 5 0 1 4 7 3 2
0 0 58 5 6 3 1 7 2 0 4
0 0 56 3 4 0 6 7 2 5 1
0 0 55 2 3 0 1 6 4 5 7
0 0 57 4 2 1 3 6 7 0 5
0 0 55 1 2 5 4 6 7 3 0
0 0 57 4 5 1 0 6 7 3 2
0 0 60 1 6 3 7 2 5 4 0
0 0 62 5 2 1 7 4 6 0 3
0 0 61 6 5 1 0 4 7 3 2
0 0 59 5 6 3 1 7 2 4 0
0 0 57 3 4 6 0 7 2 5 1
0 0 56 2 3 1 0 6 4 5 7
0 0 58 4 2 1 3 6 7 5 0
0 0 58 1 2 0 4 6 7 3 5
0 0 60 4 5 1 3 6 7 0 2
0 0 63 1 6 0 7 2 5 4 3
0 0 63 5 2 1 7 4 6 3 0
0 0 64 6 5 1 3 4 7 0 2
0 0 61 5 6 3 1 0 2 4 7
0 0 60 3 4 6 5 7 2 0 1
0 0 59 2 3 1 5 6 4 0 7
0 0 61 4 2 0 3 6 7 5 1
0 0 59 1 2 4 0 6 7 3 5
0 0 61 4 5 1 3 6 7 2 0
0 0 64 1 6 7 0 2 5 4 3
0 0 66 5 2 0 7 4 6 3 1
0 0 65 6 5 1 3 4 7 2 0
0 0 64 5 0 3 1 6 2 4 7
0 0 61 3 4 6 5 7 2 1 0
0 0 60 2 3 1 5 6 4 7 0
0 0 62 4 2 3 0 6 7 5 1
0 0 62 1 2 4 3 6 7 0 5
0 0 64 4 5 0 3 6 7 2 1
0 0 67 1 6 7 4 2 5 0 3
0 0 67 5 2 7 0 4 6 3 1
0 0 68 6 5 0 3 4 7 2 1
0 0 65 0 5 3 1 6 2 4 7
0 0 63 3 4 6 5 0 2 1 7
0 0 62 2 3 1 5 0 4 7 6
0 0 64 0 2 3 4 6 7 5 1
0 0 63 1 2 4 3 6 7 5 0
0 0 65 4 5 3 0 6 7 2 1
0 0 68 1 6 7 4 2 5 3 0
0 0 70 5 2 7 3 4 6 0 1
0 0 69 6 5 3 0 4 7 2 1
0 0 68 2 5 3 1 6 0 4 7
0 0 66 3 0 6 5 4 2 1 7
0 0 65 2 0 1 5 3 4 7 6
0 0 67 7 2 3 4 6 0 5 1
0 0 66 1 2 0 3 6 7 5 4
0 0 67 0 5 3 4 6 7 2 1
0 0 71 1 6 0 4 2 5 3 7
0 0 71 5 2 7 3 4 6 1 0
0 0 72 6 5 3 2 4 7 0 1
0 0 69 2 5 3 1 0 6 4 7
0 0 67 3 6 0 5 4 2 1 7
0 0 66 2 1 0 5 3 4 7 6
0 0 68 7 2 3 4 6 5 0 1
0 0 67 1 2 3 0 6 7 5 4
0 0 70 7 5 3 4 6 0 2 1
0 0 72 1 6 4 0 2 5 3 7
0 0 73 5 2 7 3 0 6 1 4
0 0 74 5 2 0 3 4 6 1 7
0 0 73 6 5 3 2 4 7 1 0
0 0 72 2 0 3 1 5 6 4 7
0 0 68 3 6 5 0 4 2 1 7
0 0 67 2 1 5 0 3 4 7 6
0 0 69 7 2 3 4 6 5 1 0
0 0 70 1 2 3 5 6 7 0 4
0 0 71 7 5 3 4 6 2 0 1
0 0 75 1 6 4 3 2 5 0 7
0 0 76 5 0 7 3 2 6 1 4
0 0 75 5 2 3 0 4 6 1 7
0 0 76 6 5 0 2 4 7 1 3
0 0 73 2 3 0 1 5 6 4 7
0 0 71 3 6 5 1 4 2 0 7
0 0 70 2 1 5 7 3 4 0 6
0 0 72 7 2 0 4 6 5 1 3
0 0 71 1 2 3 5 6 7 4 0
0 0 72 7 5 3 4 6 2 1 0
0 0 76 1 6 4 3 2 5 7 0
0 0 77 5 7 0 3 2 6 1 4
0 0 78 5 2 3 1 4 6 0 7
0 0 77 6 5 2 0 4 7 1 3
0 0 74 2 3 1 0 5 6 4 7
0 0 72 3 6 5 1 4 2 7 0
0 0 71 2 1 5 7 3 4 6 0
0 0 73 7 2 4 0 6 5 1 3
0 0 74 1 2 0 5 6 7 4 3
0 0 75 7 5 0 4 6 2 1 3
0 0 79 1 6 0 3 2 5 7 4
0 0 78 5 7 3 0 2 6 1 4
0 0 79 5 2 3 1 4 0 6 7
0 0 80 6 5 2 1 4 7 0 3
0 0 77 2 3 1 4 5 6 0 7
0 0 75 3 6 0 1 4 2 7 5
0 0 74 2 1 0 7 3 4 6 5
0 0 76 7 2 4 1 6 5 0 3
0 0 75 1 2 5 0 6 7 4 3
0 0 76 7 5 4 0 6 2 1 3
0 0 80 1 6 3 0 2 5 7 4
0 0 81 5 7 3 1 2 6 0 4
0 0 80 5 2 3 1 0 4 6 7
0 0 81 6 5 2 1 4 7 3 0
0 0 78 2 3 1 4 5 6 7 0
0 0 76 3 6 1 0 4 2 7 5
0 0 75 2 1 7 0 3 4 6 5
0 0 77 7 2 4 1 6 5 3 0
0 0 77 0 2 5 1 6 7 4 3
0 0 79 7 5 4 1 6 2 0 3
0 0 82 0 6 3 1 2 5 7 4
0 0 82 5 7 3 1 2 6 4 0
0 0 83 5 0 3 1 2 4 6 7
0 0 83 6 5 2 1 0 7 3 4
0 0 81 2 3 0 4 5 6 7 1
0 0 79 3 6 1 7 4 2 0 5
0 0 78 2 1 7 6 3 4 0 5
0 0 80 7 2 0 1 6 5 3 4
0 0 80 7 2 5 1 6 0 4 3
0 0 80 7 5 4 1 6 2 3 0
0 0 83 6 0 3 1 2 5 7 4
0 0 85 5 7 0 1 2 6 4 3
0 0 84 5 3 0 1 2 4 6 7
0 0 84 6 5 2 1 7 0 3 4
0 0 82 2 3 4 0 5 6 7 1
0 0 80 3 6 1 7 4 2 5 0
0 0 79 2 1 7 6 3 4 5 0
0 0 81 7 2 1 0 6 5 3 4
0 0 81 7 2 5 1 6 4 0 3
0 0 83 7 5 0 1 6 2 3 4
0 0 84 6 3 0 1 2 5 7 4
0 0 86 5 7 1 0 2 6 4 3
0 0 85 5 3 1 0 2 4 6 7
0 0 85 6 5 2 1 7 3 0 4
0 0 85 2 3 4 7 5 6 0 1
0 0 83 3 6 0 7 4 2 5 1
0 0 82 2 1 0 6 3 4 5 7
0 0 84 7 2 1 3 6 5 0 4
0 0 82 7 2 5 1 6 4 3 0
0 0 84 7 5 1 0 6 2 3 4
0 0 85 6 3 1 0 2 5 7 4
0 0 89 5 7 1 4 2 6 0 3
0 0 88 5 3 1 6 2 4 0 7
0 0 86 6 5 2 1 7 3 4 0
0 0 86 2 3 4 7 5 6 1 0
0 0 84 3 6 7 0 4 2 5 1
0 0 83 2 1 6 0 3 4 5 7
0 0 85 7 2 1 3 6 5 4 0
0 0 85 7 2 0 1 6 4 3 5
0 0 87 7 5 1 3 6 2 0 4
0 0 88 6 3 1 7 2 5 0 4
0 0 90 5 7 1 4 2 6 3 0
0 0 89 5 3 1 6 2 4 7 0
0 0 89 6 5 0 1 7 3 4 2
0 0 89 2 3 0 7 5 6 1 4
0 0 87 3 6 7 5 4 2 0 1
0 0 86 2 1 6 5 3 4 0 7
0 0 88 7 2 0 3 6 5 4 1
0 0 86 7 2 1 0 6 4 3 5
0 0 88 7 5 1 3 6 2 4 0
0 0 89 6 3 1 7 2 5 4 0
0 0 93 5 7 0 4 2 6 3 1
0 0 92 5 3 0 6 2 4 7 1
0 0 90 6 5 1 0 7 3 4 2
0 0 90 2 3 7 0 5 6 1 4
0 0 88 3 6 7 5 4 2 1 0
0 0 87 2 1 6 5 3 4 7 0
0 0 89 7 2 3 0 6 5 4 1
0 0 89 7 2 1 3 6 4 0 5
0 0 91 7 5 0 3 6 2 4 1
0 0 92 6 3 0 7 2 5 4 1
0 0 94 5 7 4 0 2 6 3 1
0 0 93 5 3 6 0 2 4 7 1
0 0 93 6 5 1 4 7 3 0 2
0 0 93 2 3 7 1 5 6 0 4
0 0 90 3 6 7 5 0 2 1 4
0 0 89 2 1 6 5 0 4 7 3
0 0 91 0 2 3 7 6 5 4 1
0 0 90 7 2 1 3 6 4 5 0
0 0 92 7 0 5 3 6 2 4 1
0 0 93 6 3 7 0 2 5 4 1
0 0 97 5 7 4 3 2 6 0 1
0 0 96 5 3 6 7 2 4 0 1
0 0 94 6 5 1 4 7 3 2 0
0 0 94 2 3 7 1 5 6 4 0
0 0 91 3 6 7 5 2 0 1 4
0 0 92 2 0 6 5 1 4 7 3
0 0 92 6 2 3 7 0 5 4 1
0 0 93 7 2 0 3 6 4 5 1
0 0 93 0 7 5 3 6 2 4 1
0 0 96 6 3 7 4 2 5 0 1
0 0 98 5 7 4 3 2 6 1 0
0 0 97 5 3 6 7 2 4 1 0
0 0 97 6 5 0 4 7 3 2 1
0 0 96 2 3 7 1 0 6 4 5
0 0 92 3 6 7 5 2 1 0 4
0 0 93 2 6 0 5 1 4 7 3
0 0 93 6 2 3 7 5 0 4 1
0 0 94 7 2 3 0 6 4 5 1
0 0 96 2 7 5 3 6 0 4 1
0 0 97 6 3 7 4 2 5 1 0
0 0 100 5 7 4 3 0 6 1 2
0 0 100 5 3 0 7 2 4 1 6
0 0 98 6 5 4 0 7 3 2 1
0 0 99 2 0 7 1 3 6 4 5
0 0 93 3 6 7 5 2 1 4 0
0 0 94 2 6 5 0 1 4 7 3
0 0 94 6 2 3 7 5 4 0 1
0 0 97 7 2 3 5 6 4 0 1
0 0 97 2 7 5 3 6 4 0 1
0 0 100 6 3 0 4 2 5 1 7
0 0 103 5 0 4 3 7 6 1 2
0 0 101 5 3 7 0 2 4 1 6
0 0 101 6 5 4 2 7 3 0 1
0 0 100 2 7 0 1 3 6 4 5
0 0 96 3 6 0 5 2 1 4 7
0 0 97 2 6 5 7 1 4 0 3
0 0 95 6 2 3 7 5 4 1 0
0 0 98 7 2 3 5 6 4 1 0
0 0 98 2 7 5 3 6 4 1 0
0 0 101 6 3 4 0 2 5 1 7
0 0 104 5 4 0 3 7 6 1 2
0 0 104 5 3 7 1 2 4 0 6
0 0 102 6 5 4 2 7 3 1 0
0 0 101 2 7 1 0 3 6 4 5
0 0 97 3 6 5 0 2 1 4 7
0 0 98 2 6 5 7 1 4 3 0
0 0 98 6 2 0 7 5 4 1 3
0 0 101 7 2 0 5 6 4 1 3
0 0 101 2 7 0 3 6 4 1 5
0 0 104 6 3 4 1 2 5 0 7
0 0 105 5 4 3 0 7 6 1 2
0 0 105 5 3 7 1 2 4 6 0
0 0 105 6 5 0 2 7 3 1 4
0 0 104 2 7 1 4 3 6 0 5
0 0 100 3 6 5 4 2 1 0 7
0 0 101 2 6 0 7 1 4 3 5
0 0 99 6 2 7 0 5 4 1 3
0 0 102 7 0 2 5 6 4 1 3
0 0 102 2 7 3 0 6 4 1 5
0 0 105 6 3 4 1 2 5 7 0
0 0 108 5 4 3 1 7 6 0 2
0 0 107 5 3 7 1 0 4 6 2
0 0 106 6 5 2 0 7 3 1 4
0 0 105 2 7 1 4 3 6 5 0
0 0 101 3 6 5 4 2 1 7 0
0 0 102 2 6 7 0 1 4 3 5
0 0 102 6 2 7 1 5 4 0 3
0 0 103 0 7 2 5 6 4 1 3
0 0 105 2 7 3 1 6 4 0 5
0 0 107 6 3 4 1 0 5 7 2
0 0 109 5 4 3 1 7 6 2 0
0 0 110 5 0 7 1 3 4 6 2
0 0 108 0 5 2 6 7 3 1 4
0 0 108 2 7 0 4 3 6 5 1
0 0 104 3 6 0 4 2 1 7 5
0 0 105 2 6 7 3 1 4 0 5
0 0 103 6 2 7 1 5 4 3 0
0 0 106 4 7 2 5 6 0 1 3
0 0 106 2 7 3 1 6 4 5 0
0 0 110 6 0 4 1 3 5 7 2
0 0 112 5 4 0 1 7 6 2 3
0 0 111 5 7 0 1 3 4 6 2
0 0 111 3 5 2 6 7 0 1 4
0 0 109 2 7 4 0 3 6 5 1
0 0 105 3 6 4 0 2 1 7 5
0 0 106 2 6 7 3 1 4 5 0
0 0 106 6 2 0 1 5 4 3 7
0 0 107 4 7 2 5 6 1 0 3
0 0 109 2 7 0 1 6 4 5 3
0 0 111 6 4 0 1 3 5 7 2
0 0 113 5 4 1 0 7 6 2 3
0 0 112 5 7 1 0 3 4 6 2
0 0 112 3 5 2 6 7 1 0 4
0 0 112 2 7 4 5 3 6 0 1
0 0 108 3 6 4 7 2 1 0 5
0 0 109 2 6 0 3 1 4 5 7
0 0 107 6 2 1 0 5 4 3 7
0 0 108 4 7 2 5 6 1 3 0
0 0 110 2 7 1 0 6 4 5 3
0 0 112 6 4 1 0 3 5 7 2
0 0 116 5 4 1 2 7 6 0 3
0 0 115 5 7 1 6 3 4 0 2
0 0 113 3 5 2 6 7 1 4 0
0 0 113 2 7 4 5 3 6 1 0
0 0 109 3 6 4 7 2 1 5 0
0 0 110 2 6 3 0 1 4 5 7
0 0 110 6 2 1 3 5 4 0 7
0 0 111 4 7 0 5 6 1 3 2
0 0 113 2 7 1 5 6 4 0 3
0 0 115 6 4 1 7 3 5 0 2
0 0 117 5 4 1 2 7 6 3 0
0 0 116 5 7 1 6 3 4 2 0
0 0 116 3 5 0 6 7 1 4 2
0 0 116 2 7 0 5 3 6 1 4
0 0 112 3 6 0 7 2 1 5 4
0 0 113 2 6 3 5 1 4 0 7
0 0 111 6 2 1 3 5 4 7 0
0 0 112 4 7 5 0 6 1 3 2
0 0 114 2 7 1 5 6 4 3 0
0 0 116 6 4 1 7 3 5 2 0
0 0 120 5 4 0 2 7 6 3 1
0 0 119 5 7 0 6 3 4 2 1
0 0 117 3 5 6 0 7 1 4 2
0 0 117 2 7 5 0 3 6 1 4
0 0 113 3 6 7 0 2 1 5 4
0 0 114 2 6 3 5 1 4 7 0
0 0 114 6 2 0 3 5 4 7 1
0 0 115 4 7 5 3 6 1 0 2
0 0 117 2 7 0 5 6 4 3 1
0 0 119 6 4 0 7 3 5 2 1
0 0 121 5 4 2 0 7 6 3 1
0 0 120 5 7 6 0 3 4 2 1
0 0 120 3 5 6 4 7 1 0 2
0 0 120 2 7 5 1 3 6 0 4
0 0 115 0 6 7 3 2 1 5 4
0 0 116 2 6 3 5 0 4 7 1
0 0 115 6 2 3 0 5 4 7 1
0 0 116 4 7 5 3 6 1 2 0
0 0 118 2 7 5 0 6 4 3 1
0 0 120 6 4 7 0 3 5 2 1
0 0 124 5 4 2 3 7 6 0 1
0 0 123 5 7 6 2 3 4 0 1
0 0 121 3 5 6 4 7 1 2 0
0 0 121 2 7 5 1 3 6 4 0
0 0 118 1 6 7 3 2 0 5 4
0 0 117 2 6 3 5 4 0 7 1
0 0 117 0 2 3 6 5 4 7 1
0 0 119 4 7 0 3 6 1 2 5
0 0 120 0 7 5 2 6 4 3 1
0 0 123 6 4 7 2 3 5 0 1
0 0 125 5 4 2 3 7 6 1 0
0 0 124 5 7 6 2 3 4 1 0
0 0 124 3 5 0 4 7 1 2 6
0 0 123 2 7 5 1 0 6 4 3
0 0 119 1 6 7 3 0 2 5 4
0 0 118 2 6 3 5 4 7 0 1
0 0 120 4 2 3 6 5 0 7 1
0 0 120 4 7 3 0 6 1 2 5
0 0 123 4 7 5 2 6 0 3 1
0 0 124 6 4 7 2 3 5 1 0
0 0 127 5 4 2 3 0 6 1 7
0 0 127 5 7 0 2 3 4 1 6
0 0 125 3 5 4 0 7 1 2 6
0 0 126 2 0 5 1 7 6 4 3
0 0 122 1 0 7 3 6 2 5 4
0 0 119 2 6 3 5 4 7 1 0
0 0 121 4 2 3 6 5 7 0 1
0 0 122 0 7 3 4 6 1 2 5
0 0 124 4 0 5 2 6 7 3 1
0 0 124 4 7 5 2 6 3 0 1
0 0 127 6 4 0 2 3 5 1 7
0 0 128 5 4 2 3 6 0 1 7
0 0 128 5 7 2 0 3 4 1 6
0 0 128 3 5 4 2 7 1 0 6
0 0 127 2 5 0 1 7 6 4 3
0 0 123 1 7 0 3 6 2 5 4
0 0 122 2 6 0 5 4 7 1 3
0 0 122 4 2 3 6 5 7 1 0
0 0 125 1 7 3 4 6 0 2 5
0 0 125 0 4 5 2 6 7 3 1
0 0 125 4 7 5 2 6 3 1 0
0 0 128 6 4 2 0 3 5 1 7
0 0 129 5 4 2 3 6 1 0 7
0 0 131 5 7 2 1 3 4 0 6
0 0 129 3 5 4 2 7 1 6 0
0 0 128 2 5 1 0 7 6 4 3
0 0 124 1 7 3 0 6 2 5 4
0 0 123 2 6 5 0 4 7 1 3
0 0 125 4 2 0 6 5 7 1 3
0 0 126 1 7 3 4 6 2 0 5
0 0 128 7 4 5 2 6 0 3 1
0 0 128 4 7 0 2 6 3 1 5
0 0 131 6 4 2 1 3 5 0 7
0 0 130 5 4 2 3 6 1 7 0
0 0 132 5 7 2 1 3 4 6 0
0 0 132 3 5 0 2 7 1 6 4
0 0 131 2 5 1 4 7 6 0 3
0 0 127 1 7 3 5 6 2 0 4
0 0 126 2 6 5 1 4 7 0 3
0 0 126 4 2 6 0 5 7 1 3
0 0 127 1 7 0 4 6 2 3 5
0 0 129 7 4 5 2 6 3 0 1
0 0 129 4 7 2 0 6 3 1 5
0 0 132 6 4 2 1 3 5 7 0
0 0 133 5 4 0 3 6 1 7 2
0 0 134 5 7 2 1 0 4 6 3
0 0 133 3 5 2 0 7 1 6 4
0 0 132 2 5 1 4 7 6 3 0
0 0 128 1 7 3 5 6 2 4 0
0 0 127 2 6 5 1 4 7 3 0
0 0 129 4 2 6 1 5 7 0 3
0 0 128 1 7 4 0 6 2 3 5
0 0 130 7 4 5 2 6 3 1 0
0 0 132 4 7 2 1 6 3 0 5
0 0 134 6 4 2 1 0 5 7 3
0 0 134 5 4 3 0 6 1 7 2
0 0 137 5 0 2 1 7 4 6 3
0 0 135 0 5 2 3 7 1 6 4
0 0 135 2 5 0 4 7 6 3 1
0 0 131 1 7 0 5 6 2 4 3
0 0 130 2 6 0 1 4 7 3 5
0 0 130 4 2 6 1 5 7 3 0
0 0 131 1 7 4 3 6 2 0 5
0 0 133 7 4 0 2 6 3 1 5
0 0 133 4 7 2 1 6 3 5 0
0 0 137 6 0 2 1 4 5 7 3
0 0 137 5 4 3 7 6 1 0 2
0 0 138 5 2 0 1 7 4 6 3
0 0 138 1 5 2 3 7 0 6 4
0 0 136 2 5 4 0 7 6 3 1
0 0 132 1 7 5 0 6 2 4 3
0 0 131 2 6 1 0 4 7 3 5
0 0 133 4 2 0 1 5 7 3 6
0 0 132 1 7 4 3 6 2 5 0
0 0 134 7 4 2 0 6 3 1 5
0 0 136 4 7 0 1 6 3 5 2
0 0 138 6 2 0 1 4 5 7 3
0 0 138 5 4 3 7 6 1 2 0
0 0 139 5 2 1 0 7 4 6 3
0 0 139 1 5 2 3 7 6 0 4
0 0 139 2 5 4 3 7 6 0 1
0 0 135 1 7 5 4 6 2 0 3
0 0 134 2 6 1 3 4 7 0 5
0 0 134 4 2 1 0 5 7 3 6
0 0 134 1 7 4 3 0 2 5 6
0 0 137 7 4 2 1 6 3 0 5
0 0 137 4 7 1 0 6 3 5 2
0 0 139 6 2 1 0 4 5 7 3
0 0 141 5 4 0 7 6 1 2 3
0 0 142 5 2 1 6 7 4 0 3
0 0 140 1 5 2 3 7 6 4 0
0 0 140 2 5 4 3 7 6 1 0
0 0 136 1 7 5 4 6 2 3 0
0 0 135 2 6 1 3 4 7 5 0
0 0 137 4 2 1 3 5 7 0 6
0 0 137 1 0 4 3 7 2 5 6
0 0 138 7 4 2 1 6 3 5 0
0 0 140 4 7 1 5 6 3 0 2
0 0 142 6 2 1 7 4 5 0 3
0 0 142 5 4 7 0 6 1 2 3
0 0 143 5 2 1 6 7 4 3 0
0 0 143 1 5 0 3 7 6 4 2
0 0 143 2 5 0 3 7 6 1 4
0 0 138 1 7 5 4 0 2 3 6
0 0 138 2 6 0 3 4 7 5 1
0 0 138 4 2 1 3 5 7 6 0
0 0 138 1 4 0 3 7 2 5 6
0 0 141 7 4 0 1 6 3 5 2
0 0 141 4 7 1 5 6 3 2 0
0 0 143 6 2 1 7 4 5 3 0
0 0 145 5 4 7 2 6 1 0 3
0 0 146 5 2 0 6 7 4 3 1
0 0 144 1 5 3 0 7 6 4 2
0 0 144 2 5 3 0 7 6 1 4
0 0 141 1 0 5 4 7 2 3 6
0 0 139 2 6 3 0 4 7 5 1
0 0 141 4 2 0 3 5 7 6 1
0 0 139 1 4 3 0 7 2 5 6
0 0 142 7 4 1 0 6 3 5 2
0 0 144 4 7 0 5 6 3 2 1
0 0 146 6 2 0 7 4 5 3 1
0 0 146 5 4 7 2 6 1 3 0
0 0 147 5 2 6 0 7 4 3 1
0 0 147 1 5 3 4 7 6 0 2
0 0 147 2 5 3 1 7 6 0 4
0 0 142 1 5 0 4 7 2 3 6
0 0 141 0 6 3 2 4 7 5 1
0 0 142 4 2 3 0 5 7 6 1
0 0 142 1 4 3 5 7 2 0 6
0 0 145 7 4 1 5 6 3 0 2
0 0 145 4 7 5 0 6 3 2 1
0 0 147 6 2 7 0 4 5 3 1
0 0 149 5 4 0 2 6 1 3 7
0 0 150 5 2 6 3 7 4 0 1
0 0 148 1 5 3 4 7 6 2 0
0 0 148 2 5 3 1 7 0 6 4
0 0 143 1 5 4 0 7 2 3 6
0 0 144 7 6 3 2 4 0 5 1
0 0 144 0 2 3 4 5 7 6 1
0 0 143 1 4 3 5 7 2 6 0
0 0 146 7 4 1 5 6 3 2 0
0 0 147 0 7 5 4 6 3 2 1
0 0 150 6 2 7 3 4 5 0 1
0 0 150 5 4 2 0 6 1 3 7
0 0 151 5 2 6 3 7 4 1 0
0 0 151 1 5 0 4 7 6 2 3
0 0 149 2 5 3 1 0 7 6 4
0 0 146 1 5 4 3 7 2 0 6
0 0 145 7 6 3 2 4 5 0 1
0 0 147 7 2 3 4 5 0 6 1
0 0 146 1 4 0 5 7 2 6 3
0 0 149 7 4 0 5 6 3 2 1
0 0 150 3 7 5 4 6 0 2 1
0 0 151 6 2 7 3 4 5 1 0
0 0 152 0 4 2 5 6 1 3 7
0 0 154 5 2 0 3 7 4 1 6
0 0 152 1 5 4 0 7 6 2 3
0 0 152 2 0 3 1 5 7 6 4
0 0 147 1 5 4 3 7 2 6 0
0 0 146 7 6 3 2 4 5 1 0
0 0 148 7 2 3 4 5 6 0 1
0 0 147 1 4 5 0 7 2 6 3
0 0 150 7 4 5 0 6 3 2 1
0 0 151 3 7 5 4 0 6 2 1
0 0 154 6 2 0 3 4 5 1 7
0 0 155 1 4 2 5 6 0 3 7
0 0 155 5 2 3 0 7 4 1 6
0 0 155 1 5 4 2 7 6 0 3
0 0 153 2 3 0 1 5 7 6 4
0 0 150 1 5 0 3 7 2 6 4
0 0 149 7 6 0 2 4 5 1 3
0 0 149 7 2 3 4 5 6 1 0
0 0 150 1 4 5 6 7 2 0 3
0 0 152 0 4 5 7 6 3 2 1
0 0 154 3 0 5 4 7 6 2 1
0 0 155 6 2 3 0 4 5 1 7
0 0 156 1 4 2 5 6 3 0 7
0 0 158 5 2 3 1 7 4 0 6
0 0 156 1 5 4 2 7 6 3 0
0 0 154 2 3 1 0 5 7 6 4
0 0 151 1 5 3 0 7 2 6 4
0 0 150 7 6 2 0 4 5 1 3
0 0 152 7 2 0 4 5 6 1 3
0 0 151 1 4 5 6 7 2 3 0
0 0 155 3 4 5 7 6 0 2 1
0 0 155 3 5 0 4 7 6 2 1
0 0 158 6 2 3 1 4 5 0 7
0 0 157 1 4 2 5 6 3 7 0
0 0 159 5 2 3 1 7 0 4 6
0 0 159 1 5 0 2 7 6 3 4
0 0 157 2 3 1 6 5 7 0 4
0 0 154 1 5 3 6 7 2 0 4
0 0 153 7 6 2 1 4 5 0 3
0 0 153 7 2 4 0 5 6 1 3
0 0 154 1 4 0 6 7 2 3 5
0 0 156 3 4 5 7 6 2 0 1
0 0 156 3 5 4 0 7 6 2 1
0 0 159 6 2 3 1 4 5 7 0
0 0 160 1 4 0 5 6 3 7 2
0 0 160 5 2 3 1 0 7 4 6
0 0 160 1 5 2 0 7 6 3 4
0 0 158 2 3 1 6 5 7 4 0
0 0 155 1 5 3 6 7 2 4 0
0 0 154 7 6 2 1 4 5 3 0
0 0 156 7 2 4 1 5 6 0 3
0 0 155 1 4 6 0 7 2 3 5
0 0 157 3 4 5 7 6 2 1 0
0 0 159 3 5 4 2 7 6 0 1
0 0 160 6 2 3 0 4 5 7 1
0 0 161 1 4 5 0 6 3 7 2
0 0 163 5 0 3 1 2 7 4 6
0 0 162 0 5 2 1 7 6 3 4
0 0 161 2 3 0 6 5 7 4 1
0 0 158 1 5 0 6 7 2 4 3
0 0 157 7 6 0 1 4 5 3 2
0 0 157 7 2 4 1 5 6 3 0
0 0 158 1 4 6 3 7 2 0 5
0 0 160 3 4 0 7 6 2 1 5
0 0 160 3 5 4 2 7 6 1 0
0 0 162 0 2 3 6 4 5 7 1
0 0 164 1 4 5 7 6 3 0 2
0 0 164 5 3 0 1 2 7 4 6
0 0 163 5 0 2 1 7 6 3 4
0 0 162 2 3 6 0 5 7 4 1
0 0 159 1 5 6 0 7 2 4 3
0 0 158 7 6 1 0 4 5 3 2
0 0 160 7 2 0 1 5 6 3 4
0 0 159 1 4 6 3 7 2 5 0
0 0 161 3 4 7 0 6 2 1 5
0 0 163 3 5 0 2 7 6 1 4
0 0 165 5 2 3 6 4 0 7 1
0 0 165 1 4 5 7 6 3 2 0
0 0 165 5 3 1 0 2 7 4 6
0 0 164 5 2 0 1 7 6 3 4
0 0 165 2 3 6 4 5 7 0 1
0 0 162 1 5 6 4 7 2 0 3
0 0 161 7 6 1 3 4 5 0 2
0 0 161 7 2 1 0 5 6 3 4
0 0 161 1 4 6 3 0 2 5 7
0 0 164 3 4 7 1 6 2 0 5
0 0 164 3 5 2 0 7 6 1 4
0 0 166 5 2 3 6 4 7 0 1
0 0 168 1 4 0 7 6 3 2 5
0 0 168 5 3 1 4 2 7 0 6
0 0 165 5 2 1 0 7 6 3 4
0 0 166 2 3 6 4 5 7 1 0
0 0 163 1 5 6 4 7 2 3 0
0 0 162 7 6 1 3 4 5 2 0
0 0 164 7 2 1 3 5 6 0 4
0 0 164 1 0 6 3 4 2 5 7
0 0 165 3 4 7 1 6 2 5 0
0 0 167 3 5 2 1 7 6 0 4
0 0 167 5 2 3 6 4 7 1 0
0 0 169 1 4 7 0 6 3 2 5
0 0 169 5 3 1 4 2 7 6 0
0 0 168 5 2 1 3 7 6 0 4
0 0 169 2 3 0 4 5 7 1 6
0 0 165 1 5 6 4 0 2 3 7
0 0 165 7 6 0 3 4 5 2 1
0 0 165 7 2 1 3 5 6 4 0
0 0 165 1 6 0 3 4 2 5 7
0 0 168 3 4 0 1 6 2 5 7
0 0 168 3 5 2 1 7 6 4 0
0 0 170 5 2 0 6 4 7 1 3
0 0 172 1 4 7 2 6 3 0 5
0 0 172 5 3 0 4 2 7 6 1
0 0 169 5 2 1 3 7 6 4 0
0 0 170 2 3 4 0 5 7 1 6
0 0 168 1 0 6 4 5 2 3 7
0 0 166 7 6 3 0 4 5 2 1
0 0 168 7 2 0 3 5 6 4 1
0 0 166 1 6 3 0 4 2 5 7
0 0 169 3 4 1 0 6 2 5 7
0 0 171 3 5 0 1 7 6 4 2
0 0 171 5 2 6 0 4 7 1 3
0 0 173 1 4 7 2 6 3 5 0
0 0 173 5 3 4 0 2 7 6 1
0 0 172 5 2 0 3 7 6 4 1
0 0 173 2 3 4 1 5 7 0 6
0 0 169 1 6 0 4 5 2 3 7
0 0 168 0 6 3 7 4 5 2 1
0 0 169 7 2 3 0 5 6 4 1
0 0 169 1 6 3 5 4 2 0 7
0 0 172 3 4 1 5 6 2 0 7
0 0 172 3 5 1 0 7 6 4 2
0 0 174 5 2 6 1 4 7 0 3
0 0 176 1 4 0 2 6 3 5 7
0 0 176 5 3 4 6 2 7 0 1
0 0 173 5 2 3 0 7 6 4 1
0 0 174 2 3 4 1 5 7 6 0
0 0 170 1 6 4 0 5 2 3 7
0 0 171 5 6 3 7 4 0 2 1
0 0 171 0 2 3 7 5 6 4 1
0 0 170 1 6 3 5 4 2 7 0
0 0 173 3 4 1 5 6 2 7 0
0 0 175 3 5 1 4 7 6 0 2
0 0 175 5 2 6 1 4 7 3 0
0 0 177 1 4 2 0 6 3 5 7
0 0 177 5 3 4 6 2 7 1 0
0 0 176 5 2 3 4 7 6 0 1
0 0 176 2 3 4 1 0 7 6 5
0 0 173 1 6 4 3 5 2 0 7
0 0 172 5 6 3 7 4 2 0 1
0 0 172 2 0 3 7 5 6 4 1
0 0 173 1 6 0 5 4 2 7 3
0 0 176 3 4 0 5 6 2 7 1
0 0 176 3 5 1 4 7 6 2 0
0 0 178 5 2 0 1 4 7 3 6
0 0 179 0 4 2 1 6 3 5 7
0 0 180 5 3 0 6 2 7 1 4
0 0 177 5 2 3 4 7 6 1 0
0 0 179 2 0 4 1 3 7 6 5
0 0 174 1 6 4 3 5 2 7 0
0 0 173 5 6 3 7 4 2 1 0
0 0 173 2 6 3 7 5 0 4 1
0 0 174 1 6 5 0 4 2 7 3
0 0 177 3 4 5 0 6 2 7 1
0 0 178 3 5 1 4 0 6 2 7
0 0 179 5 2 1 0 4 7 3 6
0 0 182 3 4 2 1 6 0 5 7
0 0 181 5 3 6 0 2 7 1 4
0 0 180 5 2 0 4 7 6 1 3
0 0 180 2 4 0 1 3 7 6 5
0 0 177 1 6 0 3 5 2 7 4
0 0 176 5 6 0 7 4 2 1 3
0 0 174 2 6 3 7 5 4 0 1
0 0 177 1 6 5 7 4 2 0 3
0 0 179 0 4 5 3 6 2 7 1
0 0 181 3 0 1 4 5 6 2 7
0 0 182 5 2 1 3 4 7 0 6
0 0 183 3 4 2 1 6 5 0 7
0 0 184 5 3 6 1 2 7 0 4
0 0 181 5 2 4 0 7 6 1 3
0 0 181 2 4 1 0 3 7 6 5
0 0 178 1 6 3 0 5 2 7 4
0 0 177 5 6 7 0 4 2 1 3
0 0 175 2 6 3 7 5 4 1 0
0 0 178 1 6 5 7 4 2 3 0
0 0 182 2 4 5 3 6 0 7 1
0 0 182 3 1 0 4 5 6 2 7
0 0 183 5 2 1 3 4 7 6 0
0 0 184 3 4 2 1 6 5 7 0
0 0 185 5 3 6 1 2 7 4 0
0 0 184 5 2 4 1 7 6 0 3
0 0 184 2 4 1 6 3 7 0 5
0 0 181 1 6 3 7 5 2 0 4
0 0 180 5 6 7 1 4 2 0 3
0 0 178 2 6 0 7 5 4 1 3
0 0 181 1 6 0 7 4 2 3 5
0 0 183 2 4 5 3 6 7 0 1
0 0 183 3 1 4 0 5 6 2 7
0 0 186 5 2 0 3 4 7 6 1
0 0 187 3 4 0 1 6 5 7 2
0 0 187 5 3 6 1 0 7 4 2
0 0 185 5 2 4 1 7 6 3 0
0 0 185 2 4 1 6 3 7 5 0
0 0 182 1 6 3 7 5 2 4 0
0 0 181 5 6 7 1 4 2 3 0
0 0 179 2 6 7 0 5 4 1 3
0 0 182 1 6 7 0 4 2 3 5
0 0 184 2 4 5 3 6 7 1 0
0 0 186 3 1 4 2 5 6 0 7
0 0 187 5 2 3 0 4 7 6 1
0 0 188 3 4 1 0 6 5 7 2
0 0 190 5 0 6 1 3 7 4 2
0 0 187 5 2 4 1 0 6 3 7
0 0 188 2 4 0 6 3 7 5 1
0 0 185 1 6 0 7 5 2 4 3
0 0 184 5 6 0 1 4 2 3 7
0 0 182 2 6 7 1 5 4 0 3
0 0 185 1 6 7 3 4 2 0 5
0 0 187 2 4 0 3 6 7 1 5
0 0 187 3 1 4 2 5 6 7 0
0 0 189 0 2 3 5 4 7 6 1
0 0 191 3 4 1 7 6 5 0 2
0 0 191 5 6 0 1 3 7 4 2
0 0 190 5 0 4 1 2 6 3 7
0 0 189 2 4 6 0 3 7 5 1
0 0 186 1 6 7 0 5 2 4 3
0 0 185 5 6 1 0 4 2 3 7
0 0 183 2 6 7 1 5 4 3 0
0 0 186 1 6 7 3 4 0 2 5
0 0 188 2 4 3 0 6 7 1 5
0 0 190 3 1 0 2 5 6 7 4
0 0 192 7 2 3 5 4 0 6 1
0 0 192 3 4 1 7 6 5 2 0
0 0 192 5 6 1 0 3 7 4 2
0 0 191 5 4 0 1 2 6 3 7
0 0 192 2 4 6 5 3 7 0 1
0 0 189 1 6 7 4 5 2 0 3
0 0 188 5 6 1 3 4 2 0 7
0 0 186 2 6 0 1 5 4 3 7
0 0 187 1 6 7 3 0 4 2 5
0 0 191 2 4 3 1 6 7 0 5
0 0 191 3 1 2 0 5 6 7 4
0 0 193 7 2 3 5 4 6 0 1
0 0 195 3 4 0 7 6 5 2 1
0 0 195 5 6 1 4 3 7 0 2
0 0 192 5 4 1 0 2 6 3 7
0 0 193 2 4 6 5 3 7 1 0
0 0 190 1 6 7 4 5 2 3 0
0 0 189 5 6 1 3 4 2 7 0
0 0 187 2 6 1 0 5 4 3 7
0 0 190 1 0 7 3 6 4 2 5
0 0 192 2 4 3 1 6 7 5 0
0 0 194 3 1 2 7 5 6 0 4
0 0 194 7 2 3 5 4 6 1 0
0 0 196 3 4 7 0 6 5 2 1
0 0 196 5 6 1 4 3 7 2 0
0 0 195 5 4 1 3 2 6 0 7
0 0 196 2 4 0 5 3 7 1 6
0 0 192 1 6 7 4 0 2 3 5
0 0 192 5 6 0 3 4 2 7 1
0 0 190 2 6 1 3 5 4 0 7
0 0 191 1 7 0 3 6 4 2 5
0 0 195 2 4 0 1 6 7 5 3
0 0 195 3 1 2 7 5 6 4 0
0 0 197 7 2 0 5 4 6 1 3
0 0 199 3 4 7 2 6 5 0 1
0 0 199 5 6 0 4 3 7 2 1
0 0 196 5 4 1 3 2 6 7 0
0 0 197 2 4 5 0 3 7 1 6
0 0 193 1 6 7 4 2 0 3 5
0 0 193 5 6 3 0 4 2 7 1
0 0 191 2 6 1 3 5 4 7 0
0 0 192 1 7 3 0 6 4 2 5
0 0 196 2 4 1 0 6 7 5 3
0 0 198 3 1 0 7 5 6 4 2
0 0 198 7 2 5 0 4 6 1 3
0 0 200 3 4 7 2 6 5 1 0
0 0 200 5 6 4 0 3 7 2 1
0 0 199 5 4 0 3 2 6 7 1
0 0 200 2 4 5 1 3 7 0 6
0 0 194 1 6 7 4 2 3 0 5
0 0 195 0 6 3 5 4 2 7 1
0 0 194 2 6 0 3 5 4 7 1
0 0 195 1 7 3 2 6 4 0 5
0 0 199 2 4 1 5 6 7 0 3
0 0 199 3 1 7 0 5 6 4 2
0 0 201 7 2 5 1 4 6 0 3
0 0 203 3 4 0 2 6 5 1 7
0 0 203 5 6 4 2 3 7 0 1
0 0 200 5 4 3 0 2 6 7 1
0 0 201 2 4 5 1 3 7 6 0
0 0 195 1 6 7 4 2 3 5 0
0 0 196 6 0 3 5 4 2 7 1
0 0 195 2 6 3 0 5 4 7 1
0 0 196 1 7 3 2 6 4 5 0
0 0 200 2 4 1 5 6 7 3 0
0 0 202 3 1 7 4 5 6 0 2
0 0 202 7 2 5 1 4 6 3 0
0 0 204 3 4 2 0 6 5 1 7
0 0 204 5 6 4 2 3 7 1 0
0 0 203 5 4 3 7 2 6 0 1
0 0 203 2 4 5 1 0 7 6 3
0 0 198 1 6 0 4 2 3 5 7
0 0 197 6 3 0 5 4 2 7 1
0 0 197 0 6 3 2 5 4 7 1
0 0 199 1 7 0 2 6 4 5 3
0 0 203 2 4 0 5 6 7 3 1
0 0 203 3 1 7 4 5 6 2 0
0 0 205 7 2 0 1 4 6 3 5
0 0 206 0 4 2 3 6 5 1 7
0 0 207 5 6 0 2 3 7 1 4
0 0 204 5 4 3 7 2 6 1 0
0 0 206 2 0 5 1 4 7 6 3
0 0 199 1 6 4 0 2 3 5 7
0 0 198 6 3 5 0 4 2 7 1
0 0 200 4 6 3 2 5 0 7 1
0 0 200 1 7 2 0 6 4 5 3
0 0 204 2 0 4 5 6 7 3 1
0 0 205 3 1 7 4 0 6 2 5
0 0 206 7 2 1 0 4 6 3 5
0 0 207 4 0 2 3 6 5 1 7
0 0 208 5 6 2 0 3 7 1 4
0 0 207 5 4 0 7 2 6 1 3
0 0 207 2 5 0 1 4 7 6 3
0 0 202 1 6 4 5 2 3 0 7
0 0 201 6 3 5 7 4 2 0 1
0 0 201 4 6 3 2 5 7 0 1
0 0 203 1 7 2 5 6 4 0 3
0 0 205 0 2 4 5 6 7 3 1
0 0 208 3 0 7 4 1 6 2 5
0 0 209 7 2 1 3 4 6 0 5
0 0 208 4 2 0 3 6 5 1 7
0 0 211 5 6 2 1 3 7 0 4
0 0 208 5 4 7 0 2 6 1 3
0 0 208 2 5 1 0 4 7 6 3
0 0 203 1 6 4 5 2 3 7 0
0 0 202 6 3 5 7 4 2 1 0
0 0 202 4 6 3 2 5 7 1 0
0 0 204 1 7 2 5 6 4 3 0
0 0 208 7 2 4 5 6 0 3 1
0 0 209 3 7 0 4 1 6 2 5
0 0 210 7 2 1 3 4 6 5 0
0 0 209 4 2 3 0 6 5 1 7
0 0 212 5 6 2 1 3 7 4 0
0 0 211 5 4 7 1 2 6 0 3
0 0 211 2 5 1 6 4 7 0 3
0 0 206 1 6 0 5 2 3 7 4
0 0 205 6 3 0 7 4 2 1 5
0 0 205 4 6 0 2 5 7 1 3
0 0 207 1 7 0 5 6 4 3 2
0 0 209 7 2 4 5 6 3 0 1
0 0 210 3 7 4 0 1 6 2 5
0 0 213 7 2 0 3 4 6 5 1
0 0 212 4 2 3 1 6 5 0 7
0 0 214 5 6 2 1 0 7 4 3
0 0 212 5 4 7 1 2 6 3 0
0 0 212 2 5 1 6 4 7 3 0
0 0 207 1 6 5 0 2 3 7 4
0 0 206 6 3 7 0 4 2 1 5
0 0 206 4 6 2 0 5 7 1 3
0 0 208 1 7 5 0 6 4 3 2
0 0 210 7 2 4 5 6 3 1 0
0 0 213 3 7 4 2 1 6 0 5
0 0 214 7 2 3 0 4 6 5 1
0 0 213 4 2 3 1 6 5 7 0
0 0 217 5 0 2 1 6 7 4 3
0 0 214 5 4 7 1 0 6 3 2
0 0 215 2 5 0 6 4 7 3 1
0 0 210 1 6 5 7 2 3 0 4
0 0 209 6 3 7 1 4 2 0 5
0 0 209 4 6 2 1 5 7 0 3
0 0 211 1 7 5 3 6 4 0 2
0 0 213 7 2 0 5 6 3 1 4
0 0 214 3 7 4 2 1 6 5 0
0 0 216 0 2 3 7 4 6 5 1
0 0 216 4 2 0 1 6 5 7 3
0 0 218 5 2 0 1 6 7 4 3
0 0 217 5 0 7 1 4 6 3 2
0 0 216 2 5 6 0 4 7 3 1
0 0 211 1 6 5 7 2 3 4 0
0 0 210 6 3 7 1 4 2 5 0
0 0 210 4 6 2 1 5 7 3 0
0 0 212 1 7 5 3 6 4 2 0
0 0 214 7 2 5 0 6 3 1 4
0 0 217 3 7 0 2 1 6 5 4
0 0 219 6 2 3 7 4 0 5 1
0 0 217 4 2 1 0 6 5 7 3
0 0 219 5 2 1 0 6 7 4 3
0 0 218 5 7 0 1 4 6 3 2
0 0 219 2 5 6 3 4 7 0 1
0 0 214 1 6 0 7 2 3 4 5
0 0 213 6 3 0 1 4 2 5 7
0 0 213 4 6 0 1 5 7 3 2
0 0 214 1 7 5 3 0 4 2 6
0 0 217 7 2 5 1 6 3 0 4
0 0 218 3 7 2 0 1 6 5 4
0 0 220 6 2 3 7 0 4 5 1
0 0 220 4 2 1 7 6 5 0 3
0 0 222 5 2 1 4 6 7 0 3
0 0 219 5 7 1 0 4 6 3 2
0 0 220 2 5 6 3 4 7 1 0
0 0 215 1 6 7 0 2 3 4 5
0 0 214 6 3 1 0 4 2 5 7
0 0 214 4 6 1 0 5 7 3 2
0 0 217 1 0 5 3 7 4 2 6
0 0 218 7 2 5 1 6 3 4 0
0 0 221 3 7 2 5 1 6 0 4
0 0 223 6 0 3 7 2 4 5 1
0 0 221 4 2 1 7 6 5 3 0
0 0 223 5 2 1 4 6 7 3 0
0 0 222 5 7 1 3 4 6 0 2
0 0 223 2 5 0 3 4 7 1 6
0 0 217 0 6 7 1 2 3 4 5
0 0 217 6 3 1 5 4 2 0 7
0 0 217 4 6 1 3 5 7 0 2
0 0 218 1 5 0 3 7 4 2 6
0 0 221 7 2 0 1 6 3 4 5
0 0 222 3 7 2 5 1 6 4 0
0 0 224 6 3 0 7 2 4 5 1
0 0 224 4 2 0 7 6 5 3 1
0 0 226 5 2 0 4 6 7 3 1
0 0 223 5 7 1 3 4 6 2 0
0 0 224 2 5 3 0 4 7 1 6
0 0 220 3 6 7 1 2 0 4 5
0 0 218 6 3 1 5 4 2 7 0
0 0 218 4 6 1 3 5 0 7 2
0 0 219 1 5 2 3 7 4 0 6
0 0 219 1 5 3 0 7 4 2 6
0 0 222 7 2 1 0 6 3 4 5
0 0 225 3 7 0 5 1 6 4 2
0 0 225 6 3 7 0 2 4 5 1
0 0 225 4 2 7 0 6 5 3 1
0 0 227 5 0 2 4 6 7 3 1
0 0 226 5 7 0 3 4 6 2 1
0 0 227 2 5 3 1 4 7 0 6
0 0 221 3 6 7 1 2 4 0 5
0 0 220 6 3 1 5 0 2 7 4
0 0 219 4 6 1 3 0 5 7 2
0 0 220 1 5 2 3 7 4 6 0
0 0 222 1 5 3 2 7 4 0 6
0 0 225 7 2 1 4 6 3 0 5
0 0 226 3 7 5 0 1 6 4 2
0 0 228 6 3 7 5 2 4 0 1
0 0 228 4 2 7 3 6 5 0 1
0 0 228 0 5 2 4 6 7 3 1
0 0 227 5 7 3 0 4 6 2 1
0 0 228 2 5 3 1 4 0 7 6
0 0 222 3 6 7 1 2 4 5 0
0 0 223 6 0 1 5 3 2 7 4
0 0 222 4 0 1 3 6 5 7 2
0 0 223 1 5 0 3 7 4 6 2
0 0 223 1 5 3 2 7 4 6 0
0 0 226 7 2 1 4 6 3 5 0
0 0 229 3 7 5 4 1 6 0 2
0 0 229 6 3 7 5 2 4 1 0
0 0 229 4 2 7 3 6 5 1 0
0 0 231 7 5 2 4 6 0 3 1
0 0 230 5 7 3 2 4 6 0 1
0 0 229 2 5 3 1 0 4 7 6
0 0 225 3 6 0 1 2 4 5 7
0 0 224 6 1 0 5 3 2 7 4
0 0 223 4 1 0 3 6 5 7 2
0 0 224 1 5 3 0 7 4 6 2
0 0 226 1 5 0 2 7 4 6 3
0 0 229 7 2 0 4 6 3 5 1
0 0 230 3 7 5 4 1 0 6 2
0 0 232 6 3 0 5 2 4 1 7
0 0 231 4 2 7 3 0 5 1 6
0 0 232 7 5 2 4 6 3 0 1
0 0 231 5 7 3 2 4 6 1 0
0 0 232 2 0 3 1 5 4 7 6
0 0 226 3 6 1 0 2 4 5 7
0 0 225 6 1 5 0 3 2 7 4
0 0 224 4 1 3 0 6 5 7 2
0 0 227 1 5 3 6 7 4 0 2
0 0 227 1 0 5 2 7 4 6 3
0 0 230 7 2 4 0 6 3 5 1
0 0 231 3 7 5 4 0 1 6 2
0 0 233 6 3 5 0 2 4 1 7
0 0 234 4 0 7 3 2 5 1 6
0 0 233 7 5 2 4 6 3 1 0
0 0 234 5 7 0 2 4 6 1 3
0 0 233 2 3 0 1 5 4 7 6
0 0 229 3 6 1 5 2 4 0 7
0 0 228 6 1 5 7 3 2 0 4
0 0 227 4 1 3 7 6 5 0 2
0 0 228 1 5 3 6 7 0 4 2
0 0 228 0 1 5 2 7 4 6 3
0 0 232 0 2 4 7 6 3 5 1
0 0 234 3 0 5 4 7 1 6 2
0 0 236 6 3 5 1 2 4 0 7
0 0 235 4 7 0 3 2 5 1 6
0 0 236 7 5 0 4 6 3 1 2
0 0 235 5 7 2 0 4 6 1 3
0 0 234 2 3 1 0 5 4 7 6
0 0 230 3 6 1 5 2 4 7 0
0 0 229 6 1 5 7 3 2 4 0
0 0 228 4 1 3 7 6 5 2 0
0 0 229 1 5 3 6 0 7 4 2
0 0 231 4 1 5 2 7 0 6 3
0 0 235 3 2 4 7 6 0 5 1
0 0 235 0 3 5 4 7 1 6 2
0 0 237 6 3 5 1 2 4 7 0
0 0 236 4 7 3 0 2 5 1 6
0 0 237 7 5 4 0 6 3 1 2
0 0 238 5 7 2 1 4 6 0 3
0 0 237 2 3 1 7 5 4 0 6
0 0 233 3 6 0 5 2 4 7 1
0 0 232 6 1 0 7 3 2 4 5
0 0 231 4 1 0 7 6 5 2 3
0 0 232 1 0 3 6 5 7 4 2
0 0 232 4 1 5 2 7 6 0 3
0 0 236 3 2 4 7 6 5 0 1
0 0 238 1 3 5 4 7 0 6 2
0 0 240 6 3 0 1 2 4 7 5
0 0 239 4 7 3 1 2 5 0 6
0 0 240 7 5 4 1 6 3 0 2
0 0 239 5 7 2 1 4 6 3 0
0 0 238 2 3 1 7 5 4 6 0
0 0 234 3 6 5 0 2 4 7 1
0 0 233 6 1 7 0 3 2 4 5
0 0 232 4 1 7 0 6 5 2 3
0 0 233 1 3 0 6 5 7 4 2
0 0 233 4 1 5 2 7 6 3 0
0 0 237 3 2 4 7 6 5 1 0
0 0 239 1 3 5 4 7 6 0 2
0 0 241 6 3 1 0 2 4 7 5
0 0 240 4 7 3 1 2 5 6 0
0 0 241 7 5 4 1 6 3 2 0
0 0 241 5 7 2 1 0 6 3 4
0 0 241 2 3 0 7 5 4 6 1
0 0 237 3 6 5 7 2 4 0 1
0 0 236 6 1 7 4 3 2 0 5
0 0 235 4 1 7 2 6 5 0 3
0 0 234 1 3 6 0 5 7 4 2
0 0 236 4 1 0 2 7 6 3 5
0 0 240 3 2 0 7 6 5 1 4
0 0 240 1 3 5 4 7 6 2 0
0 0 244 6 3 1 7 2 4 0 5
0 0 243 4 7 0 1 2 5 6 3
0 0 244 7 5 0 1 6 3 2 4
0 0 242 5 7 2 1 6 0 3 4
0 0 242 2 3 7 0 5 4 6 1
0 0 238 3 6 5 7 2 4 1 0
0 0 237 6 1 7 4 3 2 5 0
0 0 236 4 1 7 2 6 5 3 0
0 0 237 1 3 6 4 5 7 0 2
0 0 237 4 1 2 0 7 6 3 5
0 0 241 3 2 7 0 6 5 1 4
0 0 243 1 3 0 4 7 6 2 5
0 0 245 6 3 1 7 2 4 5 0
0 0 244 4 7 1 0 2 5 6 3
0 0 245 7 5 1 0 6 3 2 4
0 0 243 5 7 2 1 6 3 0 4
0 0 245 2 3 7 6 5 4 0 1
0 0 241 3 6 0 7 2 4 1 5
0 0 240 6 1 0 4 3 2 5 7
0 0 239 4 1 0 2 6 5 3 7
0 0 238 1 3 6 4 5 7 2 0
0 0 240 4 1 2 3 7 6 0 5
0 0 244 3 2 7 1 6 5 0 4
0 0 244 1 3 4 0 7 6 2 5
0 0 247 6 3 1 7 0 4 5 2
0 0 247 4 7 1 6 2 5 0 3
0 0 248 7 5 1 2 6 3 0 4
0 0 244 5 7 2 1 6 3 4 0
0 0 246 2 3 7 6 5 4 1 0
0 0 242 3 6 7 0 2 4 1 5
0 0 241 6 1 4 0 3 2 5 7
0 0 240 4 1 2 0 6 5 3 7
0 0 241 1 3 0 4 5 7 2 6
0 0 241 4 1 2 3 7 6 5 0
0 0 245 3 2 7 1 6 5 4 0
0 0 247 1 3 4 2 7 6 0 5
0 0 250 6 0 1 7 3 4 5 2
0 0 248 4 7 1 6 2 5 3 0
0 0 249 7 5 1 2 6 3 4 0
0 0 247 5 7 0 1 6 3 4 2
0 0 249 2 3 0 6 5 4 1 7
0 0 244 0 6 7 3 2 4 1 5
0 0 244 6 1 4 5 3 2 0 7
0 0 243 4 1 2 3 6 5 0 7
0 0 242 1 3 4 0 5 7 2 6
0 0 244 4 1 0 3 7 6 5 2
0 0 248 3 2 0 1 6 5 4 7
0 0 248 1 3 4 2 7 6 5 0
0 0 251 6 1 0 7 3 4 5 2
0 0 251 4 7 0 6 2 5 3 1
0 0 252 7 5 0 2 6 3 4 1
0 0 248 5 7 1 0 6 3 4 2
0 0 250 2 3 6 0 5 4 1 7
0 0 247 4 6 7 3 2 0 1 5
0 0 245 6 1 4 5 3 2 7 0
0 0 244 4 1 2 3 6 5 7 0
0 0 245 1 3 4 2 5 7 0 6
0 0 245 4 1 3 0 7 6 5 2
0 0 249 3 2 1 0 6 5 4 7
0 0 251 1 3 0 2 7 6 5 4
0 0 252 6 1 7 0 3 4 5 2
0 0 252 4 7 6 0 2 5 3 1
0 0 253 7 5 2 0 6 3 4 1
0 0 251 5 7 1 4 6 3 0 2
0 0 253 2 3 6 1 5 4 0 7
0 0 248 4 6 7 3 2 1 0 5
0 0 247 6 1 4 5 0 2 7 3
0 0 246 4 1 2 3 0 5 7 6
0 0 246 1 3 4 2 5 7 6 0
0 0 248 4 1 3 5 7 6 0 2
0 0 252 3 2 1 4 6 5 0 7
0 0 252 1 3 2 0 7 6 5 4
0 0 255 6 1 7 5 3 4 0 2
0 0 255 4 7 6 3 2 5 0 1
0 0 255 0 5 2 7 6 3 4 1
0 0 252 5 7 1 4 6 3 2 0
0 0 254 2 3 6 1 5 4 7 0
0 0 249 4 6 7 3 2 1 5 0
0 0 250 6 0 4 5 1 2 7 3
0 0 249 4 0 2 3 1 5 7 6
0 0 249 1 3 0 2 5 7 6 4
0 0 249 4 1 3 5 7 6 2 0
0 0 253 3 2 1 4 6 5 7 0
0 0 255 1 3 2 5 7 6 0 4
0 0 256 6 1 7 5 3 4 2 0
0 0 256 4 7 6 3 2 5 1 0
0 0 258 3 5 2 7 6 0 4 1
0 0 255 5 7 0 4 6 3 2 1
0 0 256 2 3 6 1 0 4 7 5
0 0 252 4 6 0 3 2 1 5 7
0 0 251 6 4 0 5 1 2 7 3
0 0 250 4 2 0 3 1 5 7 6
0 0 250 1 3 2 0 5 7 6 4
0 0 252 4 1 0 5 7 6 2 3
0 0 256 3 2 0 4 6 5 7 1
0 0 256 1 3 2 5 7 6 4 0
0 0 259 6 1 0 5 3 4 2 7
0 0 258 4 7 6 3 0 5 1 2
0 0 259 3 5 2 7 6 4 0 1
0 0 256 5 7 4 0 6 3 2 1
0 0 259 2 0 6 1 3 4 7 5
0 0 253 4 6 3 0 2 1 5 7
0 0 252 6 4 5 0 1 2 7 3
0 0 251 4 2 3 0 1 5 7 6
0 0 253 1 3 2 6 5 7 0 4
0 0 253 4 1 5 0 7 6 2 3
0 0 257 3 2 4 0 6 5 7 1
0 0 259 1 3 0 5 7 6 4 2
0 0 260 6 1 5 0 3 4 2 7
0 0 261 4 0 6 3 7 5 1 2
0 0 260 3 5 2 7 6 4 1 0
0 0 259 5 7 4 2 6 3 0 1
0 0 260 2 6 0 1 3 4 7 5
0 0 256 4 6 3 5 2 1 0 7
0 0 255 6 4 5 7 1 2 0 3
0 0 254 4 2 3 7 1 5 0 6
0 0 254 1 3 2 6 5 7 4 0
0 0 255 0 1 5 4 7 6 2 3
0 0 259 0 2 4 3 6 5 7 1
0 0 260 1 3 5 0 7 6 4 2
0 0 263 6 1 5 2 3 4 0 7
0 0 262 4 6 0 3 7 5 1 2
0 0 263 3 5 0 7 6 4 1 2
0 0 260 5 7 4 2 6 3 1 0
0 0 261 2 6 1 0 3 4 7 5
0 0 257 4 6 3 5 2 1 7 0
0 0 256 6 4 5 7 1 2 3 0
0 0 255 4 2 3 7 1 5 6 0
0 0 256 1 3 2 6 0 7 4 5
0 0 258 6 1 5 4 7 0 2 3
0 0 262 5 2 4 3 6 0 7 1
0 0 262 0 3 5 1 7 6 4 2
0 0 264 6 1 5 2 3 4 7 0
0 0 263 4 6 3 0 7 5 1 2
0 0 264 3 5 7 0 6 4 1 2
0 0 263 5 7 0 2 6 3 1 4
0 0 264 2 6 1 7 3 4 0 5
0 0 260 4 6 0 5 2 1 7 3
0 0 259 6 4 0 7 1 2 3 5
0 0 258 4 2 0 7 1 5 6 3
0 0 259 1 0 2 6 3 7 4 5
0 0 259 6 1 5 4 7 2 0 3
0 0 263 5 2 4 3 6 7 0 1
0 0 265 6 3 5 1 7 0 4 2
0 0 267 6 1 0 2 3 4 7 5
0 0 266 4 6 3 1 7 5 0 2
0 0 267 3 5 7 1 6 4 0 2
0 0 264 5 7 2 0 6 3 1 4
0 0 265 2 6 1 7 3 4 5 0
0 0 261 4 6 5 0 2 1 7 3
0 0 260 6 4 7 0 1 2 3 5
0 0 259 4 2 7 0 1 5 6 3
0 0 260 1 2 0 6 3 7 4 5
0 0 260 6 1 5 4 7 2 3 0
0 0 264 5 2 4 3 6 7 1 0
0 0 266 6 3 5 1 7 4 0 2
0 0 268 6 1 2 0 3 4 7 5
0 0 267 4 6 3 1 7 5 2 0
0 0 268 3 5 7 1 6 4 2 0
0 0 266 0 7 2 5 6 3 1 4
0 0 268 2 6 0 7 3 4 5 1
0 0 264 4 6 5 7 2 1 0 3
0 0 263 6 4 7 3 1 2 0 5
0 0 262 4 2 7 6 1 5 0 3
0 0 261 1 2 6 0 3 7 4 5
0 0 263 6 1 0 4 7 2 3 5
0 0 267 5 2 0 3 6 7 1 4
0 0 267 6 3 5 1 7 4 2 0
0 0 271 6 1 2 7 3 4 0 5
0 0 270 4 6 0 1 7 5 2 3
0 0 271 3 5 0 1 6 4 2 7
0 0 269 3 7 2 5 6 0 1 4
0 0 269 2 6 7 0 3 4 5 1
0 0 265 4 6 5 7 2 1 3 0
0 0 264 6 4 7 3 1 2 5 0
0 0 263 4 2 7 6 1 5 3 0
0 0 264 1 2 6 4 3 7 0 5
0 0 264 6 1 4 0 7 2 3 5
0 0 268 5 2 3 0 6 7 1 4
0 0 270 6 3 0 1 7 4 2 5
0 0 272 6 1 2 7 3 4 5 0
0 0 271 4 6 1 0 7 5 2 3
0 0 272 3 5 1 0 6 4 2 7
0 0 270 3 7 2 5 6 1 0 4
0 0 272 2 6 7 5 3 4 0 1
0 0 268 4 6 0 7 2 1 3 5
0 0 267 6 4 0 3 1 2 5 7
0 0 266 4 2 0 6 1 5 3 7
0 0 265 1 2 6 4 3 7 5 0
0 0 267 6 1 4 3 7 2 0 5
0 0 270 0 2 3 5 6 7 1 4
0 0 271 6 3 1 0 7 4 2 5
0 0 274 6 1 2 7 0 4 5 3
0 0 274 4 6 1 2 7 5 0 3
0 0 275 3 5 1 2 6 4 0 7
0 0 271 3 7 2 5 6 1 4 0
0 0 273 2 6 7 5 3 4 1 0
0 0 269 4 6 7 0 2 1 3 5
0 0 268 6 4 3 0 1 2 5 7
0 0 267 4 2 6 0 1 5 3 7
0 0 268 1 2 0 4 3 7 5 6
0 0 268 6 1 4 3 7 2 5 0
0 0 273 7 2 3 5 6 0 1 4
0 0 274 6 3 1 2 7 4 0 5
0 0 277 6 0 2 7 1 4 5 3
0 0 275 4 6 1 2 7 5 3 0
0 0 276 3 5 1 2 6 4 7 0
0 0 274 3 7 0 5 6 1 4 2
0 0 276 2 6 0 5 3 4 1 7
0 0 271 0 6 7 4 2 1 3 5
0 0 271 6 4 3 5 1 2 0 7
0 0 270 4 2 6 3 1 5 0 7
0 0 269 1 2 4 0 3 7 5 6
0 0 271 6 1 0 3 7 2 5 4
0 0 274 7 2 3 5 6 1 0 4
0 0 275 6 3 1 2 7 4 5 0
0 0 278 6 2 0 7 1 4 5 3
0 0 278 4 6 0 2 7 5 3 1
0 0 279 3 5 0 2 6 4 7 1
0 0 275 3 7 5 0 6 1 4 2
0 0 277 2 6 5 0 3 4 1 7
0 0 272 6 0 7 4 2 1 3 5
0 0 272 6 4 3 5 1 2 7 0
0 0 271 4 2 6 3 1 5 7 0
0 0 272 1 2 4 5 3 7 0 6
0 0 272 6 1 3 0 7 2 5 4
0 0 275 7 2 3 5 6 1 4 0
0 0 278 6 3 0 2 7 4 5 1
0 0 279 6 2 7 0 1 4 5 3
0 0 279 4 6 2 0 7 5 3 1
0 0 280 3 5 2 0 6 4 7 1
0 0 278 3 7 5 4 6 1 0 2
0 0 280 2 6 5 1 3 4 0 7
0 0 273 6 7 0 4 2 1 3 5
0 0 274 6 4 3 5 0 2 7 1
0 0 273 4 2 6 3 0 5 7 1
0 0 273 1 2 4 5 3 7 6 0
0 0 275 6 1 3 5 7 2 0 4
0 0 278 7 2 0 5 6 1 4 3
0 0 279 6 3 2 0 7 4 5 1
0 0 282 6 2 7 5 1 4 0 3
0 0 282 4 6 2 3 7 5 0 1
0 0 282 0 5 2 3 6 4 7 1
0 0 279 3 7 5 4 6 1 2 0
0 0 281 2 6 5 1 3 4 7 0
0 0 274 6 7 4 0 2 1 3 5
0 0 275 0 4 3 5 6 2 7 1
0 0 276 4 0 6 3 2 5 7 1
0 0 276 1 2 0 5 3 7 6 4
0 0 276 6 1 3 5 7 2 4 0
0 0 279 7 2 5 0 6 1 4 3
0 0 282 6 3 2 5 7 4 0 1
0 0 283 6 2 7 5 1 4 3 0
0 0 283 4 6 2 3 7 5 1 0
0 0 285 4 5 2 3 6 0 7 1
0 0 282 3 7 0 4 6 1 2 5
0 0 283 2 6 5 1 0 4 7 3
0 0 277 6 7 4 3 2 1 0 5
0 0 277 5 4 3 0 6 2 7 1
0 0 277 4 6 0 3 2 5 7 1
0 0 277 1 2 5 0 3 7 6 4
0 0 279 6 1 0 5 7 2 4 3
0 0 282 7 2 5 4 6 1 0 3
0 0 283 6 3 2 5 7 4 1 0
0 0 286 6 2 0 5 1 4 3 7
0 0 285 4 6 2 3 0 5 1 7
0 0 286 4 5 2 3 0 6 7 1
0 0 283 3 7 4 0 6 1 2 5
0 0 286 2 0 5 1 6 4 7 3
0 0 278 6 7 4 3 2 1 5 0
0 0 280 5 4 3 7 6 2 0 1
0 0 278 4 6 3 0 2 5 7 1
0 0 280 1 2 5 6 3 7 0 4
0 0 280 6 1 5 0 7 2 4 3
0 0 283 7 2 5 4 6 1 3 0
0 0 286 6 3 0 5 7 4 1 2
0 0 287 6 2 5 0 1 4 3 7
0 0 286 4 6 2 3 5 0 1 7
0 0 289 4 0 2 3 5 6 7 1
0 0 286 3 7 4 2 6 1 0 5
0 0 287 0 2 5 1 6 4 7 3
0 0 281 6 7 0 3 2 1 5 4
0 0 281 5 4 3 7 6 2 1 0
0 0 281 4 6 3 7 2 5 0 1
0 0 281 1 2 5 6 3 7 4 0
0 0 282 0 1 5 6 7 2 4 3
0 0 286 7 2 0 4 6 1 3 5
0 0 287 6 3 5 0 7 4 1 2
0 0 290 6 2 5 3 1 4 0 7
0 0 287 4 6 2 3 5 1 0 7
0 0 290 4 2 0 3 5 6 7 1
0 0 287 3 7 4 2 6 1 5 0
0 0 289 1 2 5 0 6 4 7 3
0 0 282 6 7 3 0 2 1 5 4
0 0 284 5 4 0 7 6 2 1 3
0 0 282 4 6 3 7 2 5 1 0
0 0 283 1 2 5 6 0 7 4 3
0 0 285 2 1 5 6 7 0 4 3
0 0 287 7 2 4 0 6 1 3 5
0 0 289 0 3 5 6 7 4 1 2
0 0 291 6 2 5 3 1 4 7 0
0 0 288 4 6 2 3 5 1 7 0
0 0 291 4 2 3 0 5 6 7 1
0 0 290 3 7 0 2 6 1 5 4
0 0 292 1 2 5 7 6 4 0 3
0 0 285 6 7 3 5 2 1 0 4
0 0 285 5 4 7 0 6 2 1 3
0 0 285 4 6 0 7 2 5 1 3
0 0 286 1 0 5 6 2 7 4 3
0 0 286 2 1 5 6 7 4 0 3
0 0 290 7 2 4 3 6 1 0 5
0 0 292 4 3 5 6 7 0 1 2
0 0 294 6 2 0 3 1 4 7 5
0 0 291 4 6 0 3 5 1 7 2
0 0 294 4 2 3 7 5 6 0 1
0 0 291 3 7 2 0 6 1 5 4
0 0 293 1 2 5 7 6 4 3 0
0 0 286 6 7 3 5 2 1 4 0
0 0 288 5 4 7 1 6 2 0 3
0 0 286 4 6 7 0 2 5 1 3
0 0 287 1 5 0 6 2 7 4 3
0 0 287 2 1 5 6 7 4 3 0
0 0 291 7 2 4 3 6 1 5 0
0 0 293 4 3 5 6 7 1 0 2
0 0 295 6 2 3 0 1 4 7 5
0 0 292 4 6 3 0 5 1 7 2
0 0 295 4 2 3 7 5 6 1 0
0 0 293 0 7 2 3 6 1 5 4
0 0 296 1 2 0 7 6 4 3 5
0 0 289 6 7 0 5 2 1 4 3
0 0 289 5 4 7 1 6 2 3 0
0 0 289 4 6 7 1 2 5 0 3
0 0 288 1 5 6 0 2 7 4 3
0 0 290 2 1 0 6 7 4 3 5
0 0 294 7 2 0 3 6 1 5 4
0 0 294 4 3 5 6 7 1 2 0
0 0 298 6 2 3 7 1 4 0 5
0 0 295 4 6 3 7 5 1 0 2
0 0 298 4 2 0 7 5 6 1 3
0 0 296 1 7 2 3 6 0 5 4
0 0 297 1 2 7 0 6 4 3 5
0 0 290 6 7 5 0 2 1 4 3
0 0 292 5 4 0 1 6 2 3 7
0 0 290 4 6 7 1 2 5 3 0
0 0 291 1 5 6 4 2 7 0 3
0 0 291 2 1 6 0 7 4 3 5
0 0 295 7 2 3 0 6 1 5 4
0 0 297 4 3 0 6 7 1 2 5
0 0 299 6 2 3 7 1 0 4 5
0 0 296 4 6 3 7 5 1 2 0
0 0 299 4 2 7 0 5 6 1 3
0 0 297 1 7 2 3 6 5 0 4
0 0 300 1 2 7 3 6 4 0 5
0 0 293 6 7 5 4 2 1 0 3
0 0 293 5 4 1 0 6 2 3 7
0 0 293 4 6 0 1 2 5 3 7
0 0 292 1 5 6 4 2 7 3 0
0 0 294 2 1 6 3 7 4 0 5
0 0 297 0 2 3 7 6 1 5 4
0 0 298 4 3 6 0 7 1 2 5
0 0 300 6 2 3 7 0 1 4 5
0 0 299 4 6 0 7 5 1 2 3
0 0 302 4 2 7 1 5 6 0 3
0 0 298 1 7 2 3 6 5 4 0
0 0 301 1 2 7 3 6 4 5 0
0 0 294 6 7 5 4 2 1 3 0
0 0 296 5 4 1 3 6 2 0 7
0 0 294 4 6 1 0 2 5 3 7
0 0 295 1 5 0 4 2 7 3 6
0 0 295 2 1 6 3 7 4 5 0
0 0 300 1 2 3 7 6 0 5 4
0 0 301 4 3 6 2 7 1 0 5
0 0 303 6 0 3 7 2 1 4 5
0 0 300 4 6 7 0 5 1 2 3
0 0 303 4 2 7 1 5 6 3 0
0 0 301 1 7 0 3 6 5 4 2
0 0 304 1 2 0 3 6 4 5 7
0 0 296 6 7 5 4 0 1 3 2
0 0 297 5 4 1 3 6 2 7 0
0 0 297 4 6 1 3 2 5 0 7
0 0 296 1 5 4 0 2 7 3 6
0 0 298 2 1 0 3 7 4 5 6
0 0 301 1 2 3 7 6 5 0 4
0 0 302 4 3 6 2 7 1 5 0
0 0 304 6 3 0 7 2 1 4 5
0 0 303 4 6 7 2 5 1 0 3
0 0 306 4 2 0 1 5 6 3 7
0 0 302 1 7 3 0 6 5 4 2
0 0 305 1 2 3 0 6 4 5 7
0 0 299 6 0 5 4 7 1 3 2
0 0 299 5 4 1 3 0 2 7 6
0 0 298 4 6 1 3 2 0 5 7
0 0 299 1 5 4 3 2 7 0 6
0 0 299 2 1 3 0 7 4 5 6
0 0 302 1 2 3 7 6 5 4 0
0 0 305 4 3 0 2 7 1 5 6
0 0 305 6 3 7 0 2 1 4 5
0 0 304 4 6 7 2 5 1 3 0
0 0 307 4 2 1 0 5 6 3 7
0 0 305 1 7 3 4 6 5 0 2
0 0 308 1 2 3 5 6 4 0 7
0 0 300 6 5 0 4 7 1 3 2
0 0 302 5 0 1 3 4 2 7 6
0 0 299 4 6 1 3 0 2 5 7
0 0 300 1 5 4 3 2 7 6 0
0 0 302 2 1 3 5 7 4 0 6
0 0 305 1 2 0 7 6 5 4 3
0 0 306 4 3 2 0 7 1 5 6
0 0 308 6 3 7 4 2 1 0 5
0 0 307 4 6 0 2 5 1 3 7
0 0 310 4 2 1 3 5 6 0 7
0 0 306 1 7 3 4 6 5 2 0
0 0 309 1 2 3 5 6 4 7 0
0 0 301 6 5 4 0 7 1 3 2
0 0 303 5 1 0 3 4 2 7 6
0 0 302 4 0 1 3 6 2 5 7
0 0 303 1 5 0 3 2 7 6 4
0 0 303 2 1 3 5 7 4 6 0
0 0 306 1 2 7 0 6 5 4 3
0 0 309 4 3 2 5 7 1 0 6
0 0 309 6 3 7 4 2 1 5 0
0 0 308 4 6 2 0 5 1 3 7
0 0 311 4 2 1 3 5 6 7 0
0 0 309 1 7 0 4 6 5 2 3
0 0 311 1 2 3 5 0 4 7 6
0 0 304 6 5 4 3 7 1 0 2
0 0 304 5 1 3 0 4 2 7 6
0 0 303 4 1 0 3 6 2 5 7
0 0 304 1 5 3 0 2 7 6 4
0 0 306 2 1 0 5 7 4 6 3
0 0 309 1 2 7 4 6 5 0 3
0 0 310 4 3 2 5 7 1 6 0
0 0 312 6 3 0 4 2 1 5 7
0 0 310 0 6 2 4 5 1 3 7
0 0 313 4 2 1 3 0 6 7 5
0 0 310 1 7 4 0 6 5 2 3
0 0 314 1 0 3 5 2 4 7 6
0 0 305 6 5 4 3 7 1 2 0
0 0 307 5 1 3 7 4 2 0 6
0 0 304 4 1 3 0 6 2 5 7
0 0 307 1 5 3 6 2 7 0 4
0 0 307 2 0 1 5 7 4 6 3
0 0 310 1 2 7 4 6 5 3 0
0 0 313 4 3 0 5 7 1 6 2
0 0 313 6 3 4 0 2 1 5 7
0 0 313 1 6 2 4 5 0 3 7
0 0 316 4 0 1 3 2 6 7 5
0 0 313 1 7 4 2 6 5 0 3
0 0 315 1 3 0 5 2 4 7 6
0 0 308 6 5 0 3 7 1 2 4
0 0 308 5 1 3 7 4 2 6 0
0 0 307 4 1 3 5 6 2 0 7
0 0 308 1 5 3 6 2 0 7 4
0 0 308 2 4 1 5 7 0 6 3
0 0 313 1 2 0 4 6 5 3 7
0 0 314 4 0 3 5 7 1 6 2
0 0 316 6 3 4 5 2 1 0 7
0 0 314 1 6 2 4 5 3 0 7
0 0 317 4 1 0 3 2 6 7 5
0 0 314 1 7 4 2 6 5 3 0
0 0 316 1 3 5 0 2 4 7 6
0 0 309 6 5 3 0 7 1 2 4
0 0 311 5 1 0 7 4 2 6 3
0 0 308 4 1 3 5 6 2 7 0
0 0 309 1 5 3 6 0 2 7 4
0 0 309 2 4 1 5 7 6 0 3
0 0 314 1 2 4 0 6 5 3 7
0 0 315 0 4 3 5 7 1 6 2
0 0 317 6 3 4 5 2 1 7 0
0 0 315 1 6 2 4 5 3 7 0
0 0 318 4 1 3 0 2 6 7 5
0 0 317 1 7 0 2 6 5 3 4
0 0 319 1 3 5 7 2 4 0 6
0 0 312 6 5 3 2 7 1 0 4
0 0 312 5 1 7 0 4 2 6 3
0 0 311 4 1 0 5 6 2 7 3
0 0 312 1 0 3 6 5 2 7 4
0 0 310 2 4 1 5 7 6 3 0
0 0 317 1 2 4 3 6 5 0 7
0 0 318 1 4 3 5 7 0 6 2
0 0 320 6 3 0 5 2 1 7 4
0 0 318 1 6 0 4 5 3 7 2
0 0 321 4 1 3 7 2 6 0 5
0 0 318 1 7 2 0 6 5 3 4
0 0 320 1 3 5 7 2 4 6 0
