0 0 0 5 2 3 4 6 0 7 1
0 0 1 5 0 3 4 6 2 7 1
0 0 1 5 2 3 4 0 6 7 1
0 0 3 5 2 3 4 1 6 7 0
0 0 2 5 3 0 4 6 2 7 1
0 0 4 5 0 3 4 2 6 7 1
0 0 4 5 2 3 4 1 6 0 7
0 0 6 5 2 0 4 1 6 7 3
0 0 3 5 3 4 0 6 2 7 1
0 0 4 5 3 4 1 6 2 7 0
0 0 5 5 3 0 4 2 6 7 1
0 0 5 5 2 3 4 1 0 6 7
0 0 5 0 3 4 5 6 2 7 1
0 0 6 5 3 4 7 6 2 0 1
0 0 7 5 3 4 7 6 2 1 0
0 0 7 5 3 0 1 6 2 7 4
0 0 6 5 2 3 4 0 1 6 7
0 0 8 5 2 3 4 7 1 6 0
0 0 8 2 3 4 5 6 0 7 1
0 0 7 5 2 7 4 1 6 0 3
0 0 8 5 2 7 4 1 6 3 0
0 0 9 5 0 3 4 2 1 6 7
0 0 9 5 2 3 4 7 1 0 6
0 0 11 5 2 0 4 7 1 6 3
0 0 9 2 3 4 5 6 7 0 1
0 0 10 2 3 4 5 6 7 1 0
0 0 10 5 2 7 4 0 6 3 1
0 0 10 5 3 0 4 2 1 6 7
0 0 10 5 2 3 4 7 0 1 6
0 0 12 5 2 4 0 7 1 6 3
0 0 13 5 2 4 3 7 1 6 0
0 0 6 3 0 4 5 6 2 7 1
0 0 13 5 0 7 4 2 6 3 1
0 0 11 5 3 4 0 2 1 6 7
0 0 12 5 3 4 7 2 1 6 0
0 0 11 5 2 3 4 0 7 1 6
0 0 13 5 2 3 4 6 7 1 0
0 0 16 5 2 0 3 7 1 6 4
0 0 7 3 4 0 5 6 2 7 1
0 0 14 5 7 0 4 2 6 3 1
0 0 15 5 3 0 7 2 1 6 4
0 0 14 5 0 3 4 2 7 1 6
0 0 16 5 2 0 4 6 7 1 3
0 0 17 5 2 6 3 7 1 0 4
0 0 18 5 2 6 3 7 1 4 0
0 0 8 3 4 5 0 6 2 7 1
0 0 9 3 4 5 1 6 2 7 0
0 0 16 5 3 7 0 2 1 6 4
0 0 17 5 3 7 4 2 1 6 0
0 0 17 5 2 4 0 6 7 1 3
0 0 18 5 2 4 3 6 7 1 0
0 0 21 5 2 0 3 7 1 4 6
0 0 11 3 4 5 7 6 2 0 1
0 0 12 3 4 5 7 6 2 1 0
0 0 19 5 3 7 6 2 1 0 4
0 0 20 5 3 7 6 2 1 4 0
0 0 20 5 2 4 1 6 7 0 3
0 0 21 5 2 4 1 6 7 3 0
0 0 21 5 2 0 3 6 7 1 4
0 0 11 0 2 7 4 5 6 3 1
0 0 15 3 4 0 7 6 2 1 5
0 0 11 5 3 6 4 2 1 0 7
0 0 12 5 3 6 4 2 1 7 0
0 0 23 5 3 0 6 2 1 4 7
0 0 24 5 2 0 1 6 7 3 4
0 0 22 5 0 2 3 6 7 1 4
0 0 14 6 2 7 4 5 0 3 1
0 0 16 3 4 7 0 6 2 1 5
0 0 17 3 4 7 5 6 2 1 0
0 0 7 3 2 4 5 6 0 7 1
0 0 15 5 3 0 4 2 1 7 6
0 0 25 5 2 1 0 6 7 3 4
0 0 26 5 2 1 4 6 7 3 0
0 0 23 0 5 2 3 6 7 1 4
0 0 15 6 2 7 4 5 3 0 1
0 0 16 6 2 7 4 5 3 1 0
0 0 20 3 4 0 5 6 2 1 7
0 0 8 3 2 4 5 6 7 0 1
0 0 9 3 2 4 5 6 7 1 0
0 0 16 5 3 4 0 2 1 7 6
0 0 17 5 3 4 6 2 1 7 0
0 0 26 7 5 2 3 6 0 1 4
0 0 14 5 2 3 0 6 7 1 4
0 0 19 6 2 0 4 5 3 1 7
0 0 21 3 0 4 5 6 2 1 7
0 0 11 3 2 4 5 0 7 1 6
0 0 12 3 2 0 5 6 7 1 4
0 0 18 0 3 4 5 2 1 7 6
0 0 19 5 3 4 6 0 1 7 2
0 0 27 7 5 2 3 6 1 0 4
0 0 28 7 5 2 3 6 1 4 0
0 0 20 6 2 4 0 5 3 1 7
0 0 21 6 2 4 7 5 3 1 0
0 0 14 3 0 4 5 2 7 1 6
0 0 13 3 2 5 0 6 7 1 4
0 0 14 3 2 5 4 6 7 1 0
0 0 22 5 0 4 6 3 1 7 2
0 0 18 5 2 6 3 7 0 1 4
0 0 31 7 5 0 3 6 1 4 2
0 0 23 6 2 4 1 5 3 0 7
0 0 24 6 2 4 1 5 3 7 0
0 0 15 3 4 0 5 2 7 1 6
0 0 16 3 2 5 1 6 7 0 4
0 0 17 3 2 5 1 6 7 4 0
0 0 23 5 4 0 6 3 1 7 2
0 0 19 5 2 6 3 0 7 1 4
0 0 21 5 2 6 3 4 7 1 0
0 0 12 5 0 2 4 7 1 6 3
0 0 27 6 2 0 1 5 3 7 4
0 0 16 3 4 5 0 2 7 1 6
0 0 17 3 4 5 6 2 7 1 0
0 0 20 3 2 0 1 6 7 4 5
0 0 24 5 4 6 0 3 1 7 2
0 0 25 5 4 6 2 3 1 7 0
0 0 24 5 2 0 3 4 7 1 6
0 0 13 0 5 2 4 7 1 6 3
0 0 28 6 2 1 0 5 3 7 4
0 0 29 6 2 1 4 5 3 7 0
0 0 20 3 4 0 6 2 7 1 5
0 0 21 3 2 1 0 6 7 4 5
0 0 22 3 2 1 5 6 7 4 0
0 0 27 5 4 6 7 3 1 0 2
0 0 28 5 4 6 7 3 1 2 0
0 0 25 5 2 3 0 4 7 1 6
0 0 26 5 2 3 6 4 7 1 0
0 0 31 6 2 1 7 5 3 0 4
0 0 32 6 2 1 7 5 3 4 0
0 0 21 3 4 6 0 2 7 1 5
0 0 22 3 4 6 5 2 7 1 0
0 0 24 3 2 1 5 0 7 4 6
0 0 31 5 4 0 7 3 1 2 6
0 0 28 5 2 3 1 4 7 0 6
0 0 29 5 2 3 1 4 7 6 0
0 0 29 5 2 0 6 4 7 1 3
0 0 35 6 2 0 7 5 3 4 1
0 0 24 3 4 6 1 2 7 0 5
0 0 25 3 4 6 1 2 7 5 0
0 0 24 3 4 6 5 0 7 1 2
0 0 32 5 4 7 0 3 1 2 6
0 0 33 5 4 7 6 3 1 2 0
0 0 25 5 0 2 1 6 7 3 4
0 0 32 5 2 0 1 4 7 6 3
0 0 36 6 2 7 0 5 3 4 1
0 0 37 6 2 7 1 5 3 4 0
0 0 15 6 2 7 4 0 5 3 1
0 0 17 6 2 7 4 1 5 3 0
0 0 28 3 4 0 1 2 7 5 6
0 0 35 5 4 7 2 3 1 0 6
0 0 36 5 4 7 2 3 1 6 0
0 0 26 0 5 2 1 6 7 3 4
0 0 33 5 2 1 0 4 7 6 3
0 0 34 5 2 1 3 4 7 6 0
0 0 38 0 2 7 6 5 3 4 1
0 0 18 6 0 7 4 2 5 3 1
0 0 20 6 2 0 4 1 5 3 7
0 0 25 3 5 2 0 6 7 1 4
0 0 26 3 5 2 4 6 7 1 0
0 0 39 5 4 0 2 3 1 6 7
0 0 29 7 5 2 1 6 0 3 4
0 0 35 0 2 1 5 4 7 6 3
0 0 37 5 2 0 3 4 7 6 1
0 0 41 3 2 7 6 5 0 4 1
0 0 21 6 2 4 0 1 5 3 7
0 0 22 6 2 4 7 1 5 3 0
0 0 28 3 5 2 4 0 7 1 6
0 0 29 3 5 0 4 6 7 1 2
0 0 40 5 4 2 0 3 1 6 7
0 0 41 5 4 2 7 3 1 6 0
0 0 38 7 2 1 5 4 0 6 3
0 0 38 5 0 2 3 4 7 6 1
0 0 42 3 2 7 6 5 4 0 1
0 0 43 3 2 7 6 5 4 1 0
0 0 25 6 2 0 7 1 5 3 4
0 0 31 3 0 2 4 5 7 1 6
0 0 30 3 5 4 0 6 7 1 2
0 0 31 3 5 4 2 6 7 1 0
0 0 43 5 4 2 7 0 1 6 3
0 0 39 7 2 1 5 4 6 0 3
0 0 40 7 2 1 5 4 6 3 0
0 0 19 2 3 4 5 0 1 7 6
0 0 21 2 3 4 5 6 1 7 0
0 0 26 6 0 2 7 1 5 3 4
0 0 32 3 2 0 4 5 7 1 6
0 0 33 3 5 4 1 6 7 0 2
0 0 34 3 5 4 1 6 7 2 0
0 0 46 5 0 2 7 4 1 6 3
0 0 30 7 5 2 3 0 1 4 6
0 0 43 7 2 0 5 4 6 3 1
0 0 22 2 0 4 5 3 1 7 6
0 0 24 2 3 0 5 6 1 7 4
0 0 27 0 6 2 7 1 5 3 4
0 0 33 3 2 4 0 5 7 1 6
0 0 34 3 2 4 6 5 7 1 0
0 0 37 3 5 0 1 6 7 2 4
0 0 47 5 2 0 7 4 1 6 3
0 0 33 7 0 2 3 5 1 4 6
0 0 44 7 2 5 0 4 6 3 1
0 0 45 7 2 5 1 4 6 3 0
0 0 25 2 3 5 0 6 1 7 4
0 0 26 2 3 5 4 6 1 7 0
0 0 36 3 2 4 1 5 7 0 6
0 0 37 3 2 4 1 5 7 6 0
0 0 38 3 5 1 0 6 7 2 4
0 0 39 3 5 1 4 6 7 2 0
0 0 34 7 2 0 3 5 1 4 6
0 0 47 7 2 5 3 4 6 0 1
0 0 48 7 2 5 3 4 6 1 0
0 0 28 2 3 5 7 6 1 0 4
0 0 29 2 3 5 7 6 1 4 0
0 0 17 3 2 0 1 6 7 5 4
0 0 40 3 2 0 1 5 7 6 4
0 0 41 3 5 1 2 6 7 0 4
0 0 42 3 5 1 2 6 7 4 0
0 0 35 7 2 3 0 5 1 4 6
0 0 36 7 2 3 6 5 1 4 0
0 0 51 7 2 0 3 4 6 1 5
0 0 22 5 0 2 3 7 1 4 6
0 0 32 2 3 0 7 6 1 4 5
0 0 18 3 2 1 0 6 7 5 4
0 0 19 3 2 1 4 6 7 5 0
0 0 13 5 1 2 4 7 0 6 3
0 0 45 3 5 0 2 6 7 4 1
0 0 38 7 2 3 4 5 1 0 6
0 0 39 7 2 3 4 5 1 6 0
0 0 52 7 2 3 0 4 6 1 5
0 0 53 7 2 3 5 4 6 1 0
0 0 33 2 3 7 0 6 1 4 5
0 0 34 2 3 7 5 6 1 4 0
0 0 22 3 2 0 4 6 7 5 1
0 0 14 5 1 2 4 7 6 0 3
0 0 15 5 1 2 4 7 6 3 0
0 0 21 3 0 2 1 6 7 4 5
0 0 42 7 2 0 4 5 1 6 3
0 0 55 7 2 3 1 4 6 0 5
0 0 56 7 2 3 1 4 6 5 0
0 0 36 2 3 7 4 6 1 0 5
0 0 37 2 3 7 4 6 1 5 0
0 0 23 3 2 4 0 6 7 5 1
0 0 24 3 2 4 1 6 7 5 0
0 0 27 5 4 6 2 0 1 7 3
0 0 22 0 3 2 1 6 7 4 5
0 0 43 7 2 4 0 5 1 6 3
0 0 44 7 2 4 3 5 1 6 0
0 0 14 7 5 2 4 0 1 6 3
0 0 16 7 5 2 4 3 1 6 0
0 0 21 5 2 4 1 6 0 7 3
0 0 25 0 2 4 3 6 7 5 1
0 0 26 3 2 4 1 0 7 5 6
0 0 30 5 0 6 2 4 1 7 3
0 0 25 7 3 2 1 6 0 4 5
0 0 46 7 2 4 6 5 1 0 3
0 0 47 7 2 4 6 5 1 3 0
0 0 47 7 2 0 3 5 1 6 4
0 0 19 7 5 0 4 3 1 6 2
0 0 22 5 2 4 1 0 6 7 3
0 0 24 5 2 4 1 3 6 7 0
0 0 28 7 2 4 3 6 0 5 1
0 0 31 5 6 0 2 4 1 7 3
0 0 26 7 3 2 1 6 4 0 5
0 0 27 7 3 2 1 6 4 5 0
0 0 27 0 2 3 5 4 7 1 6
0 0 48 7 0 2 3 5 1 6 4
0 0 20 7 5 4 0 3 1 6 2
0 0 21 7 5 4 2 3 1 6 0
0 0 25 5 0 4 1 2 6 7 3
0 0 29 7 2 4 3 6 5 0 1
0 0 30 7 2 4 3 6 5 1 0
0 0 32 5 6 2 0 4 1 7 3
0 0 33 5 6 2 3 4 1 7 0
0 0 30 7 3 0 1 6 4 5 2
0 0 49 0 7 2 3 5 1 6 4
0 0 23 7 5 4 6 3 1 0 2
0 0 24 7 5 4 6 3 1 2 0
0 0 24 7 5 0 2 3 1 6 4
0 0 32 5 0 4 7 3 1 2 6
0 0 33 7 2 0 3 6 5 1 4
0 0 35 5 6 2 7 4 1 0 3
0 0 36 5 6 2 7 4 1 3 0
0 0 36 5 6 0 3 4 1 7 2
0 0 31 7 3 1 0 6 4 5 2
0 0 32 7 3 1 2 6 4 5 0
0 0 36 6 0 2 7 5 3 4 1
0 0 27 7 5 0 6 3 1 2 4
0 0 33 0 5 4 7 3 1 2 6
0 0 34 7 2 3 0 6 5 1 4
0 0 35 7 2 3 4 6 5 1 0
0 0 27 3 4 6 1 0 7 5 2
0 0 39 5 6 0 7 4 1 3 2
0 0 34 7 3 1 5 6 4 0 2
0 0 35 7 3 1 5 6 4 2 0
0 0 35 7 3 0 2 6 4 5 1
0 0 37 0 6 2 7 5 3 4 1
0 0 36 1 5 4 7 3 0 2 6
0 0 37 7 2 3 1 6 5 0 4
0 0 38 7 2 3 1 6 5 4 0
0 0 38 7 2 0 4 6 5 1 3
0 0 30 3 0 6 1 4 7 5 2
0 0 14 5 3 4 7 0 1 6 2
0 0 38 7 3 0 5 6 4 2 1
0 0 36 7 0 3 2 6 4 5 1
0 0 40 3 6 2 7 5 0 4 1
0 0 37 1 5 4 7 3 2 0 6
0 0 38 1 5 4 7 3 2 6 0
0 0 36 5 4 7 2 3 0 1 6
0 0 41 7 2 0 1 6 5 4 3
0 0 39 7 0 2 4 6 5 1 3
0 0 17 5 0 4 7 3 1 6 2
0 0 39 7 3 5 0 6 4 2 1
0 0 40 7 3 5 1 6 4 2 0
0 0 37 0 7 3 2 6 4 5 1
0 0 41 3 6 2 7 5 4 0 1
0 0 42 3 6 2 7 5 4 1 0
0 0 39 5 2 7 6 0 3 4 1
0 0 41 5 2 7 6 1 3 4 0
0 0 41 1 5 0 7 3 2 6 4
0 0 42 7 2 1 0 6 5 4 3
0 0 43 7 2 1 3 6 5 4 0
0 0 40 0 7 2 4 6 5 1 3
0 0 41 0 3 5 7 6 4 2 1
0 0 42 7 3 5 1 0 4 2 6
0 0 21 6 0 2 4 1 5 3 7
0 0 45 3 6 0 7 5 4 1 2
0 0 42 5 0 7 6 2 3 4 1
0 0 44 5 2 0 6 1 3 4 7
0 0 42 1 5 7 0 3 2 6 4
0 0 43 1 5 7 4 3 2 6 0
0 0 41 6 7 2 4 0 5 1 3
0 0 43 6 7 2 4 3 5 1 0
0 0 44 4 3 5 7 6 0 2 1
0 0 45 7 0 5 1 3 4 2 6
0 0 22 0 6 2 4 1 5 3 7
0 0 46 3 6 7 0 5 4 1 2
0 0 47 3 6 7 2 5 4 1 0
0 0 45 5 2 6 0 1 3 4 7
0 0 46 5 2 6 7 1 3 4 0
0 0 46 1 5 0 4 3 2 6 7
0 0 44 6 0 2 4 7 5 1 3
0 0 46 6 7 0 4 3 5 1 2
0 0 45 4 3 5 7 6 2 0 1
0 0 46 4 3 5 7 6 2 1 0
0 0 25 5 6 2 4 1 0 3 7
0 0 49 3 6 7 1 5 4 0 2
0 0 50 3 6 7 1 5 4 2 0
0 0 48 5 2 6 4 1 3 0 7
0 0 49 5 2 6 4 1 3 7 0
0 0 47 1 0 5 4 3 2 6 7
0 0 45 6 2 0 4 7 5 1 3
0 0 47 6 7 4 0 3 5 1 2
0 0 48 6 7 4 2 3 5 1 0
0 0 49 4 3 0 7 6 2 1 5
0 0 26 5 6 2 4 1 3 0 7
0 0 27 5 6 2 4 1 3 7 0
0 0 53 3 6 0 1 5 4 2 7
0 0 32 0 3 2 4 5 7 1 6
0 0 52 5 2 0 4 1 3 7 6
0 0 48 0 1 5 4 3 2 6 7
0 0 46 6 2 4 0 7 5 1 3
0 0 47 6 2 4 3 7 5 1 0
0 0 51 6 7 0 2 3 5 1 4
0 0 50 4 3 7 0 6 2 1 5
0 0 51 4 3 7 5 6 2 1 0
0 0 30 5 6 0 4 1 3 7 2
0 0 54 3 6 1 0 5 4 2 7
0 0 55 3 6 1 7 5 4 2 0
0 0 53 5 2 4 0 1 3 7 6
0 0 54 5 2 4 6 1 3 7 0
0 0 49 6 2 4 1 7 5 0 3
0 0 50 6 2 4 1 7 5 3 0
0 0 52 6 0 7 2 3 5 1 4
0 0 53 4 3 7 1 6 2 0 5
0 0 54 4 3 7 1 6 2 5 0
0 0 31 5 6 4 0 1 3 7 2
0 0 32 5 6 4 2 1 3 7 0
0 0 57 3 6 1 7 0 4 2 5
0 0 56 5 2 4 7 1 3 0 6
0 0 57 5 2 4 7 1 3 6 0
0 0 47 5 1 2 7 4 0 6 3
0 0 53 6 2 0 1 7 5 3 4
0 0 53 0 6 7 2 3 5 1 4
0 0 31 7 5 2 3 1 0 4 6
0 0 57 4 3 0 1 6 2 5 7
0 0 34 5 6 4 7 1 3 0 2
0 0 35 5 6 4 7 1 3 2 0
0 0 60 3 0 1 7 6 4 2 5
0 0 23 0 2 4 5 3 1 7 6
0 0 60 5 2 0 7 1 3 6 4
0 0 48 5 1 2 7 4 6 0 3
0 0 49 5 1 2 7 4 6 3 0
0 0 56 5 6 7 2 3 0 1 4
0 0 32 7 5 2 3 1 4 0 6
0 0 33 7 5 2 3 1 4 6 0
0 0 35 0 2 4 3 5 7 1 6
0 0 38 5 6 0 7 1 3 2 4
0 0 61 3 1 0 7 6 4 2 5
0 0 26 1 2 4 5 3 0 7 6
0 0 61 5 2 7 0 1 3 6 4
0 0 62 5 2 7 4 1 3 6 0
0 0 52 5 1 0 7 4 6 3 2
0 0 57 5 6 7 2 3 1 0 4
0 0 58 5 6 7 2 3 1 4 0
0 0 36 7 5 0 3 1 4 6 2
0 0 38 7 2 4 3 5 0 1 6
0 0 39 5 6 7 0 1 3 2 4
0 0 40 5 6 7 4 1 3 2 0
0 0 27 1 2 4 5 3 7 0 6
0 0 28 1 2 4 5 3 7 6 0
0 0 64 5 2 7 4 0 3 6 1
0 0 53 5 1 7 0 4 6 3 2
0 0 54 5 1 7 2 4 6 3 0
0 0 61 5 6 0 2 3 1 4 7
0 0 37 7 5 3 0 1 4 6 2
0 0 38 7 5 3 2 1 4 6 0
0 0 42 5 6 7 2 1 3 0 4
0 0 43 5 6 7 2 1 3 4 0
0 0 37 3 2 4 1 5 0 7 6
0 0 31 1 2 0 5 3 7 6 4
0 0 67 5 0 7 4 2 3 6 1
0 0 56 5 1 7 3 4 6 0 2
0 0 57 5 1 7 3 4 6 2 0
0 0 62 5 6 2 0 3 1 4 7
0 0 63 5 6 2 7 3 1 4 0
0 0 41 7 5 0 2 1 4 6 3
0 0 48 7 2 5 3 4 0 6 1
0 0 46 5 6 0 2 1 3 4 7
0 0 38 3 2 4 1 0 5 7 6
0 0 40 3 2 4 1 6 5 7 0
0 0 68 5 7 0 4 2 3 6 1
0 0 29 2 3 5 7 6 0 1 4
0 0 60 5 1 0 3 4 6 2 7
0 0 65 5 6 2 4 3 1 0 7
0 0 66 5 6 2 4 3 1 7 0
0 0 42 7 0 5 2 1 4 6 3
0 0 49 7 2 5 3 0 4 6 1
0 0 51 7 2 5 3 1 4 6 0
0 0 41 3 0 4 1 2 5 7 6
0 0 43 3 2 0 1 6 5 7 4
0 0 69 5 7 4 0 2 3 6 1
0 0 70 5 7 4 1 2 3 6 0
0 0 61 5 1 3 0 4 6 2 7
0 0 62 5 1 3 7 4 6 2 0
0 0 69 5 6 0 4 3 1 7 2
0 0 43 0 7 5 2 1 4 6 3
0 0 52 7 0 5 3 2 4 6 1
0 0 54 7 2 0 3 1 4 6 5
0 0 42 3 4 0 1 2 5 7 6
0 0 44 3 2 1 0 6 5 7 4
0 0 45 3 2 1 4 6 5 7 0
0 0 73 5 7 0 1 2 3 6 4
0 0 64 5 1 3 2 4 6 0 7
0 0 65 5 1 3 2 4 6 7 0
0 0 70 5 6 4 0 3 1 7 2
0 0 71 5 6 4 2 3 1 7 0
0 0 53 7 5 0 3 2 4 6 1
0 0 55 7 2 3 0 1 4 6 5
0 0 56 7 2 3 5 1 4 6 0
0 0 47 3 2 1 7 6 5 0 4
0 0 48 3 2 1 7 6 5 4 0
0 0 74 5 7 1 0 2 3 6 4
0 0 75 5 7 1 4 2 3 6 0
0 0 68 5 1 0 2 4 6 7 3
0 0 73 5 6 4 7 3 1 0 2
0 0 74 5 6 4 7 3 1 2 0
0 0 54 7 5 3 0 2 4 6 1
0 0 55 7 5 3 1 2 4 6 0
0 0 59 7 2 0 5 1 4 6 3
0 0 16 5 1 2 0 7 6 3 4
0 0 51 3 2 0 7 6 5 4 1
0 0 77 5 7 1 6 2 3 0 4
0 0 78 5 7 1 6 2 3 4 0
0 0 69 5 1 2 0 4 6 7 3
0 0 70 5 1 2 3 4 6 7 0
0 0 77 5 6 0 7 3 1 2 4
0 0 57 7 5 3 6 2 4 0 1
0 0 58 7 5 3 6 2 4 1 0
0 0 58 7 5 0 1 2 4 6 3
0 0 19 5 1 2 3 7 6 0 4
0 0 20 5 1 2 3 7 6 4 0
0 0 52 3 2 7 0 6 5 4 1
0 0 53 3 2 7 1 6 5 4 0
0 0 80 5 7 1 6 0 3 4 2
0 0 72 5 1 2 3 0 6 7 4
0 0 78 5 6 7 0 3 1 2 4
0 0 79 5 6 7 4 3 1 2 0
0 0 28 0 4 6 2 5 1 7 3
0 0 59 7 5 1 0 2 4 6 3
0 0 60 7 5 1 3 2 4 6 0
0 0 24 1 3 2 0 6 7 4 5
0 0 25 1 3 2 5 6 7 4 0
0 0 55 3 2 7 4 6 5 0 1
0 0 56 3 2 7 4 6 5 1 0
0 0 83 5 0 1 6 7 3 4 2
0 0 80 0 6 7 5 3 1 2 4
0 0 81 5 6 7 4 0 1 2 3
0 0 31 1 4 6 2 5 0 7 3
0 0 62 7 5 1 6 2 4 0 3
0 0 63 7 5 1 6 2 4 3 0
0 0 62 7 5 1 3 0 4 6 2
0 0 28 1 3 0 5 6 7 4 2
0 0 27 0 2 4 1 3 7 5 6
0 0 59 3 2 0 4 6 5 1 7
0 0 84 5 1 0 6 7 3 4 2
0 0 83 1 6 7 5 3 0 2 4
0 0 84 5 0 7 4 6 1 2 3
0 0 32 1 4 6 2 5 7 0 3
0 0 33 1 4 6 2 5 7 3 0
0 0 48 7 2 4 0 5 1 3 6
0 0 65 7 0 1 3 5 4 6 2
0 0 29 1 3 5 0 6 7 4 2
0 0 30 1 3 5 2 6 7 4 0
0 0 30 7 2 4 1 3 0 5 6
0 0 85 5 1 6 0 7 3 4 2
0 0 86 5 1 6 2 7 3 4 0
0 0 84 1 6 7 5 3 2 0 4
0 0 85 1 6 7 5 3 2 4 0
0 0 25 5 2 4 0 3 6 7 1
0 0 50 0 2 4 7 5 1 3 6
0 0 66 7 1 0 3 5 4 6 2
0 0 32 1 3 5 4 6 7 0 2
0 0 33 1 3 5 4 6 7 2 0
0 0 32 1 3 5 2 0 7 4 6
0 0 88 5 1 6 4 7 3 0 2
0 0 89 5 1 6 4 7 3 2 0
0 0 89 5 1 0 2 7 3 4 6
0 0 88 1 6 0 5 3 2 4 7
0 0 28 5 2 4 7 3 6 0 1
0 0 29 5 2 4 7 3 6 1 0
0 0 53 1 2 4 7 5 0 3 6
0 0 25 0 2 1 5 3 7 4 6
0 0 36 1 3 0 4 6 7 2 5
0 0 35 1 0 5 2 3 7 4 6
0 0 23 7 5 4 2 0 1 6 3
0 0 92 5 1 0 4 7 3 2 6
0 0 90 5 1 2 0 7 3 4 6
0 0 91 5 1 2 6 7 3 4 0
0 0 89 1 6 5 0 3 2 4 7
0 0 90 1 6 5 7 3 2 4 0
0 0 32 5 2 0 7 3 6 1 4
0 0 28 7 2 1 5 3 0 4 6
0 0 37 1 3 4 0 6 7 2 5
0 0 38 1 3 4 5 6 7 2 0
0 0 36 1 5 0 2 3 7 4 6
0 0 93 5 1 4 0 7 3 2 6
0 0 94 5 1 4 6 7 3 2 0
0 0 92 0 1 2 5 7 3 4 6
0 0 92 1 6 5 4 3 2 0 7
0 0 93 1 6 5 4 3 2 7 0
0 0 93 1 6 0 7 3 2 4 5
0 0 29 7 2 1 5 3 4 0 6
0 0 30 7 2 1 5 3 4 6 0
0 0 40 1 3 4 2 6 7 0 5
0 0 41 1 3 4 2 6 7 5 0
0 0 41 1 3 0 5 6 7 2 4
0 0 95 0 1 4 5 7 3 2 6
0 0 95 3 1 2 5 7 0 4 6
0 0 36 5 6 0 7 4 1 2 3
0 0 96 1 6 0 4 3 2 7 5
0 0 94 1 0 6 7 3 2 4 5
0 0 37 5 6 2 0 4 1 3 7
0 0 33 7 2 0 5 3 4 6 1
0 0 38 5 6 2 7 0 1 3 4
0 0 44 1 3 0 2 6 7 5 4
0 0 42 1 0 3 5 6 7 2 4
0 0 98 3 1 4 5 7 0 2 6
0 0 96 3 1 2 5 7 4 0 6
0 0 97 3 1 2 5 7 4 6 0
0 0 37 5 6 7 0 4 1 2 3
0 0 38 5 6 7 3 4 1 2 0
0 0 97 1 6 4 0 3 2 7 5
0 0 98 1 6 4 5 3 2 7 0
0 0 39 0 6 2 5 4 1 3 7
0 0 41 5 0 2 7 6 1 3 4
0 0 43 0 1 3 5 6 7 2 4
0 0 99 3 1 4 5 7 2 0 6
0 0 100 3 1 4 5 7 2 6 0
0 0 28 7 0 5 6 3 1 2 4
0 0 100 3 1 0 5 7 4 6 2
0 0 41 5 6 0 3 4 1 2 7
0 0 99 0 6 4 1 3 2 7 5
0 0 100 1 6 4 5 0 2 7 3
0 0 42 1 6 2 5 4 0 3 7
0 0 42 5 2 0 7 6 1 3 4
0 0 46 7 1 3 5 6 0 2 4
0 0 28 0 4 6 1 3 7 5 2
0 0 103 3 1 0 5 7 2 6 4
0 0 29 0 7 5 6 3 1 2 4
0 0 101 3 1 5 0 7 4 6 2
0 0 102 3 1 5 2 7 4 6 0
0 0 42 5 6 3 0 4 1 2 7
0 0 43 5 6 3 7 4 1 2 0
0 0 102 2 6 4 1 3 0 7 5
0 0 43 1 6 2 5 4 3 0 7
0 0 44 1 6 2 5 4 3 7 0
0 0 47 7 1 3 5 6 2 0 4
0 0 48 7 1 3 5 6 2 4 0
0 0 31 7 4 6 1 3 0 5 2
0 0 32 1 7 5 6 3 0 2 4
0 0 104 3 1 5 6 7 4 0 2
0 0 105 3 1 5 6 7 4 2 0
0 0 45 5 6 3 2 4 1 0 7
0 0 46 5 6 3 2 4 1 7 0
0 0 45 5 6 3 7 0 1 2 4
0 0 103 2 6 4 1 3 7 0 5
0 0 104 2 6 4 1 3 7 5 0
0 0 47 1 6 0 5 4 3 7 2
0 0 51 7 1 0 5 6 2 4 3
0 0 32 7 4 6 1 3 5 0 2
0 0 33 7 4 6 1 3 5 2 0
0 0 15 5 3 4 7 1 0 6 2
0 0 108 3 1 0 6 7 4 2 5
0 0 39 7 3 2 5 6 4 0 1
0 0 40 7 3 2 5 6 4 1 0
0 0 48 5 0 3 7 6 1 2 4
0 0 37 7 4 3 2 6 0 5 1
0 0 107 2 6 0 1 3 7 5 4
0 0 52 7 1 5 0 6 2 4 3
0 0 53 7 1 5 3 6 2 4 0
0 0 38 1 5 0 7 3 2 4 6
0 0 36 7 4 0 1 3 5 2 6
0 0 16 5 3 4 7 1 6 0 2
0 0 17 5 3 4 7 1 6 2 0
0 0 109 3 1 6 0 7 4 2 5
0 0 110 3 1 6 5 7 4 2 0
0 0 42 7 3 2 5 0 4 1 6
0 0 49 5 3 0 7 6 1 2 4
0 0 38 7 4 3 2 6 5 0 1
0 0 39 7 4 3 2 6 5 1 0
0 0 55 7 1 5 4 6 2 0 3
0 0 56 7 1 5 4 6 2 3 0
0 0 39 1 5 7 0 3 2 4 6
0 0 40 1 5 7 6 3 2 4 0
0 0 37 7 4 1 0 3 5 2 6
0 0 38 7 4 1 6 3 5 2 0
0 0 42 3 6 0 7 5 4 2 1
0 0 20 5 3 0 7 1 6 2 4
0 0 112 3 1 6 5 0 4 2 7
0 0 50 5 3 7 0 6 1 2 4
0 0 51 5 3 7 4 6 1 2 0
0 0 42 5 2 7 6 1 3 0 4
0 0 41 0 5 7 1 3 2 4 6
0 0 43 1 5 0 6 3 2 4 7
0 0 40 7 4 1 2 3 5 0 6
0 0 41 7 4 1 2 3 5 6 0
0 0 41 7 4 0 6 3 5 2 1
0 0 21 5 3 2 7 1 6 0 4
0 0 22 5 3 2 7 1 6 4 0
0 0 115 3 0 6 5 1 4 2 7
0 0 53 5 3 7 2 6 1 0 4
0 0 54 5 3 7 2 6 1 4 0
0 0 43 5 2 7 6 1 0 3 4
0 0 44 2 5 7 1 3 0 4 6
0 0 44 1 5 6 0 3 2 4 7
0 0 45 1 5 6 7 3 2 4 0
0 0 44 7 4 0 2 3 5 6 1
0 0 42 7 0 4 6 3 5 2 1
0 0 43 5 3 7 6 2 0 4 1
0 0 24 5 3 2 7 0 6 4 1
0 0 116 3 6 0 5 1 4 2 7
0 0 45 5 0 2 6 1 3 4 7
0 0 57 5 3 0 2 6 1 4 7
0 0 44 5 2 7 6 0 1 3 4
0 0 46 5 2 7 6 4 1 3 0
0 0 46 0 5 6 1 3 2 4 7
0 0 47 1 5 6 7 0 2 4 3
0 0 45 7 4 2 0 3 5 6 1
0 0 46 7 4 2 1 3 5 6 0
0 0 44 5 3 7 6 2 4 0 1
0 0 45 5 3 7 6 2 4 1 0
0 0 117 3 6 5 0 1 4 2 7
0 0 118 3 6 5 7 1 4 2 0
0 0 58 5 3 2 0 6 1 4 7
0 0 59 5 3 2 7 6 1 4 0
0 0 49 5 2 0 6 4 1 3 7
0 0 49 2 5 6 1 3 0 4 7
0 0 50 1 0 6 7 5 2 4 3
0 0 47 0 4 2 7 3 5 6 1
0 0 48 7 4 2 1 0 5 6 3
0 0 23 1 6 2 4 0 5 3 7
0 0 25 1 6 2 4 7 5 3 0
0 0 120 3 6 5 2 1 4 0 7
0 0 121 3 6 5 2 1 4 7 0
0 0 61 5 3 2 4 6 1 0 7
0 0 62 5 3 2 4 6 1 7 0
0 0 50 5 2 6 0 4 1 3 7
0 0 51 5 2 6 7 4 1 3 0
0 0 51 1 6 0 7 5 2 4 3
0 0 50 5 4 2 7 3 0 6 1
0 0 51 7 0 2 1 4 5 6 3
0 0 26 1 0 2 4 6 5 3 7
0 0 28 1 6 0 4 7 5 3 2
0 0 45 0 6 2 4 7 5 1 3
0 0 124 3 6 0 2 1 4 7 5
0 0 47 6 0 7 4 3 5 1 2
0 0 65 5 3 0 4 6 1 7 2
0 0 53 5 2 6 3 4 1 0 7
0 0 54 5 2 6 3 4 1 7 0
0 0 52 1 6 7 0 5 2 4 3
0 0 53 1 6 7 3 5 2 4 0
0 0 52 7 2 0 1 4 5 6 3
0 0 27 1 2 0 4 6 5 3 7
0 0 29 1 6 4 0 7 5 3 2
0 0 30 1 6 4 2 7 5 3 0
0 0 125 3 6 2 0 1 4 7 5
0 0 126 3 6 2 5 1 4 7 0
0 0 66 5 3 4 0 6 1 7 2
0 0 67 5 3 4 2 6 1 7 0
0 0 57 5 2 0 3 4 1 7 6
0 0 55 1 6 7 4 5 2 0 3
0 0 56 1 6 7 4 5 2 3 0
0 0 53 7 2 1 0 4 5 6 3
0 0 54 7 2 1 3 4 5 6 0
0 0 32 1 6 4 3 7 5 0 2
0 0 33 1 6 4 3 7 5 2 0
0 0 128 3 6 2 7 1 4 0 5
0 0 129 3 6 2 7 1 4 5 0
0 0 69 5 3 4 7 6 1 0 2
0 0 70 5 3 4 7 6 1 2 0
0 0 58 5 2 3 0 4 1 7 6
0 0 59 5 2 3 6 4 1 7 0
0 0 59 1 6 0 4 5 2 3 7
0 0 56 7 2 1 6 4 5 0 3
0 0 57 7 2 1 6 4 5 3 0
0 0 54 3 6 2 1 5 4 0 7
0 0 55 3 6 2 1 5 4 7 0
0 0 33 5 3 2 4 0 7 1 6
0 0 35 5 3 2 4 6 7 1 0
0 0 34 4 3 2 0 5 7 1 6
0 0 35 4 3 2 6 5 7 1 0
0 0 61 5 2 3 7 4 1 0 6
0 0 62 5 2 3 7 4 1 6 0
0 0 60 1 6 4 0 5 2 3 7
0 0 61 1 6 4 7 5 2 3 0
0 0 60 7 2 0 6 4 5 3 1
0 0 48 0 2 4 6 7 5 1 3
0 0 57 3 6 2 1 0 4 7 5
0 0 36 5 0 2 4 3 7 1 6
0 0 38 5 3 0 4 6 7 1 2
0 0 37 4 3 2 1 5 7 0 6
0 0 38 4 3 2 1 5 7 6 0
0 0 52 0 3 7 4 6 2 1 5
0 0 64 5 2 3 7 0 1 6 4
0 0 63 1 6 4 3 5 2 0 7
0 0 64 1 6 4 3 5 2 7 0
0 0 61 7 2 6 0 4 5 3 1
0 0 62 7 2 6 1 4 5 3 0
0 0 60 3 0 2 1 6 4 7 5
0 0 37 5 2 0 4 3 7 1 6
0 0 39 5 3 4 0 6 7 1 2
0 0 40 5 3 4 2 6 7 1 0
0 0 41 4 3 0 1 5 7 6 2
0 0 53 3 0 7 4 6 2 1 5
0 0 65 5 2 3 7 1 0 6 4
0 0 50 6 2 0 1 7 5 4 3
0 0 67 1 6 0 3 5 2 7 4
0 0 64 7 2 6 3 4 5 0 1
0 0 65 7 2 6 3 4 5 1 0
0 0 61 3 2 0 1 6 4 7 5
0 0 38 5 2 4 0 3 7 1 6
0 0 39 5 2 4 6 3 7 1 0
0 0 43 5 3 0 2 6 7 1 4
0 0 42 4 3 1 0 5 7 6 2
0 0 43 4 3 1 2 5 7 6 0
0 0 66 5 2 3 7 1 6 0 4
0 0 67 5 2 3 7 1 6 4 0
0 0 68 1 6 3 0 5 2 7 4
0 0 69 1 6 3 4 5 2 7 0
0 0 68 7 2 0 3 4 5 1 6
0 0 62 3 2 1 0 6 4 7 5
0 0 63 3 2 1 5 6 4 7 0
0 0 42 5 2 0 6 3 7 1 4
0 0 44 5 0 3 2 6 7 1 4
0 0 45 4 3 1 6 5 7 0 2
0 0 46 4 3 1 6 5 7 2 0
0 0 57 5 2 4 7 1 0 3 6
0 0 70 5 2 0 7 1 6 4 3
0 0 71 1 6 3 7 5 2 0 4
0 0 72 1 6 3 7 5 2 4 0
0 0 69 7 2 3 0 4 5 1 6
0 0 70 7 2 3 6 4 5 1 0
0 0 66 3 2 0 5 6 4 7 1
0 0 43 5 2 6 0 3 7 1 4
0 0 44 5 2 6 4 3 7 1 0
0 0 55 2 6 7 0 3 5 1 4
0 0 56 2 6 7 4 3 5 1 0
0 0 58 5 0 4 7 1 2 3 6
0 0 71 5 2 7 0 1 6 4 3
0 0 72 5 2 7 3 1 6 4 0
0 0 74 1 6 3 7 0 2 4 5
0 0 72 7 2 3 1 4 5 0 6
0 0 73 7 2 3 1 4 5 6 0
0 0 67 3 2 5 0 6 4 7 1
0 0 68 3 2 5 1 6 4 7 0
0 0 46 5 2 6 4 0 7 1 3
0 0 58 2 6 7 1 3 5 0 4
0 0 59 2 6 7 1 3 5 4 0
0 0 59 5 4 0 7 1 2 3 6
0 0 73 0 2 7 5 1 6 4 3
0 0 75 5 2 0 3 1 6 4 7
0 0 77 1 0 3 7 6 2 4 5
0 0 61 5 0 2 7 1 3 6 4
0 0 75 7 2 3 1 0 5 6 4
0 0 70 3 2 5 7 6 4 0 1
0 0 71 3 2 5 7 6 4 1 0
0 0 49 5 0 6 4 2 7 1 3
0 0 57 5 0 7 2 3 6 1 4
0 0 62 2 6 0 1 3 5 4 7
0 0 60 5 4 7 0 1 2 3 6
0 0 61 5 4 7 6 1 2 3 0
0 0 76 5 0 2 3 1 6 4 7
0 0 78 1 3 0 7 6 2 4 5
0 0 62 0 5 2 7 1 3 6 4
0 0 78 7 0 3 1 2 5 6 4
0 0 39 5 6 2 7 1 3 0 4
0 0 40 5 6 2 7 1 3 4 0
0 0 50 5 6 0 4 2 7 1 3
0 0 58 5 7 0 2 3 6 1 4
0 0 63 2 6 1 0 3 5 4 7
0 0 64 2 6 1 7 3 5 4 0
0 0 64 5 4 0 6 1 2 3 7
0 0 77 0 5 2 3 1 6 4 7
0 0 79 1 3 7 0 6 2 4 5
0 0 80 1 3 7 5 6 2 4 0
0 0 79 7 3 0 1 2 5 6 4
0 0 58 5 6 0 2 3 1 7 4
0 0 79 0 7 3 1 2 5 6 4
0 0 51 5 6 4 0 2 7 1 3
0 0 52 5 6 4 3 2 7 1 0
0 0 66 2 6 1 4 3 5 0 7
0 0 67 2 6 1 4 3 5 7 0
0 0 65 5 4 6 0 1 2 3 7
0 0 66 5 4 6 7 1 2 3 0
0 0 82 1 3 7 4 6 2 0 5
0 0 83 1 3 7 4 6 2 5 0
0 0 80 7 3 1 0 2 5 6 4
0 0 81 7 3 1 4 2 5 6 0
0 0 82 5 7 3 1 2 0 6 4
0 0 54 5 6 4 1 2 7 0 3
0 0 55 5 6 4 1 2 7 3 0
0 0 65 0 2 7 4 5 3 6 1
0 0 70 2 6 0 4 3 5 7 1
0 0 68 5 4 6 3 1 2 0 7
0 0 69 5 4 6 3 1 2 7 0
0 0 55 5 1 7 2 4 6 0 3
0 0 86 1 3 0 4 6 2 5 7
0 0 83 7 3 1 6 2 5 0 4
0 0 84 7 3 1 6 2 5 4 0
0 0 83 5 7 3 1 2 6 0 4
0 0 84 5 7 3 1 2 6 4 0
0 0 58 5 6 0 1 2 7 3 4
0 0 68 3 2 7 4 5 0 6 1
0 0 71 2 6 4 0 3 5 7 1
0 0 72 2 6 4 1 3 5 7 0
0 0 72 5 4 0 3 1 2 7 6
0 0 56 5 1 7 2 4 0 6 3
0 0 87 1 3 4 0 6 2 5 7
0 0 88 1 3 4 7 6 2 5 0
0 0 87 7 3 0 6 2 5 4 1
0 0 32 1 2 6 5 3 7 0 4
0 0 33 1 2 6 5 3 7 4 0
0 0 59 5 6 1 0 2 7 3 4
0 0 60 5 6 1 4 2 7 3 0
0 0 74 2 6 4 7 3 5 0 1
0 0 75 2 6 4 7 3 5 1 0
0 0 73 5 4 3 0 1 2 7 6
0 0 74 5 4 3 6 1 2 7 0
0 0 90 1 3 4 5 6 2 0 7
0 0 91 1 3 4 5 6 2 7 0
0 0 88 7 3 6 0 2 5 4 1
0 0 89 7 3 6 1 2 5 4 0
0 0 35 1 2 6 5 0 7 4 3
0 0 62 5 6 1 3 2 7 0 4
0 0 63 5 6 1 3 2 7 4 0
0 0 65 5 6 2 7 0 1 4 3
0 0 77 2 6 4 7 0 5 1 3
0 0 75 0 4 3 5 1 2 7 6
0 0 77 5 4 0 6 1 2 7 3
0 0 49 7 0 5 3 4 2 6 1
0 0 94 1 3 0 5 6 2 7 4
0 0 91 7 3 6 4 2 5 0 1
0 0 92 7 3 6 4 2 5 1 0
0 0 38 1 0 6 5 2 7 4 3
0 0 41 3 2 4 0 6 5 7 1
0 0 66 5 6 0 3 2 7 4 1
0 0 68 5 0 2 7 6 1 4 3
0 0 80 2 0 4 7 6 5 1 3
0 0 78 2 4 3 5 1 0 7 6
0 0 78 5 0 4 6 1 2 7 3
0 0 50 7 5 0 3 4 2 6 1
0 0 95 1 3 5 0 6 2 7 4
0 0 96 1 3 5 4 6 2 7 0
0 0 95 7 3 0 4 2 5 1 6
0 0 39 1 6 0 5 2 7 4 3
0 0 43 0 2 4 3 6 5 7 1
0 0 67 5 6 3 0 2 7 4 1
0 0 68 5 6 3 1 2 7 4 0
0 0 81 2 4 0 7 6 5 1 3
0 0 79 2 4 3 5 1 7 0 6
0 0 80 2 4 3 5 1 7 6 0
0 0 51 7 5 3 0 4 2 6 1
0 0 52 7 5 3 1 4 2 6 0
0 0 98 1 3 5 4 0 2 7 6
0 0 96 7 3 4 0 2 5 1 6
0 0 97 7 3 4 6 2 5 1 0
0 0 46 5 2 4 3 6 0 7 1
0 0 70 5 6 3 4 2 7 0 1
0 0 71 5 6 3 4 2 7 1 0
0 0 82 2 4 7 0 6 5 1 3
0 0 83 2 4 7 3 6 5 1 0
0 0 83 2 4 0 5 1 7 6 3
0 0 54 7 5 3 6 4 2 0 1
0 0 55 7 5 3 6 4 2 1 0
0 0 101 1 0 5 4 3 2 7 6
0 0 99 7 3 4 1 2 5 0 6
0 0 100 7 3 4 1 2 5 6 0
0 0 47 5 2 4 3 0 6 7 1
0 0 49 5 2 4 3 1 6 7 0
0 0 73 5 6 3 4 0 7 1 2
0 0 85 2 4 7 1 6 5 0 3
0 0 86 2 4 7 1 6 5 3 0
0 0 84 2 4 5 0 1 7 6 3
0 0 85 2 4 5 3 1 7 6 0
0 0 58 7 5 0 6 4 2 1 3
0 0 102 1 5 0 4 3 2 7 6
0 0 53 7 4 5 3 2 0 6 1
0 0 102 7 3 4 1 0 5 6 2
0 0 50 5 0 4 3 2 6 7 1
0 0 52 5 2 0 3 1 6 7 4
0 0 74 5 6 3 4 7 0 1 2
0 0 55 7 0 2 3 1 4 6 5
0 0 89 2 4 0 1 6 5 3 7
0 0 87 2 4 5 6 1 7 0 3
0 0 88 2 4 5 6 1 7 3 0
0 0 59 7 5 6 0 4 2 1 3
0 0 60 7 5 6 3 4 2 1 0
0 0 54 7 4 5 3 2 6 0 1
0 0 55 7 4 5 3 2 6 1 0
0 0 51 5 4 0 3 2 6 7 1
0 0 51 0 5 4 3 2 6 7 1
0 0 75 5 6 3 4 7 1 0 2
0 0 76 5 6 3 4 7 1 2 0
0 0 90 2 4 1 0 6 5 3 7
0 0 91 2 4 1 7 6 5 3 0
0 0 91 2 4 0 6 1 7 3 5
0 0 62 7 5 6 1 4 2 0 3
0 0 63 7 5 6 1 4 2 3 0
0 0 72 0 6 4 5 3 1 7 2
0 0 58 7 4 0 3 2 6 1 5
0 0 52 5 4 3 0 2 6 7 1
0 0 53 5 4 3 1 2 6 7 0
0 0 57 0 2 3 7 1 4 6 5
0 0 79 5 6 0 4 7 1 2 3
0 0 93 2 4 1 3 6 5 0 7
0 0 94 2 4 1 3 6 5 7 0
0 0 92 2 4 6 0 1 7 3 5
0 0 93 2 4 6 5 1 7 3 0
0 0 66 7 5 0 1 4 2 3 6
0 0 75 1 6 4 5 3 0 7 2
0 0 59 7 4 3 0 2 6 1 5
0 0 60 7 4 3 5 2 6 1 0
0 0 55 5 4 3 1 0 6 7 2
0 0 60 4 2 3 7 1 0 6 5
0 0 80 5 6 4 0 7 1 2 3
0 0 81 5 6 4 3 7 1 2 0
0 0 97 2 4 0 3 6 5 7 1
0 0 95 2 4 6 3 1 7 0 5
0 0 96 2 4 6 3 1 7 5 0
0 0 67 7 5 1 0 4 2 3 6
0 0 68 7 5 1 6 4 2 3 0
0 0 62 7 4 3 1 2 6 0 5
0 0 63 7 4 3 1 2 6 5 0
0 0 58 5 0 3 1 4 6 7 2
0 0 61 4 2 3 7 1 6 0 5
0 0 62 4 2 3 7 1 6 5 0
0 0 83 5 6 4 2 7 1 0 3
0 0 84 5 6 4 2 7 1 3 0
0 0 98 2 4 3 0 6 5 7 1
0 0 99 2 4 3 1 6 5 7 0
0 0 99 2 4 0 3 1 7 5 6
0 0 70 7 5 1 6 0 2 3 4
0 0 78 5 7 1 6 2 0 3 4
0 0 66 7 4 0 1 2 6 5 3
0 0 59 5 3 0 1 4 6 7 2
0 0 78 5 0 6 7 3 1 2 4
0 0 65 4 2 0 7 1 6 5 3
0 0 58 7 5 3 6 2 0 4 1
0 0 87 5 6 0 2 7 1 3 4
0 0 101 2 4 3 7 6 5 0 1
0 0 102 2 4 3 7 6 5 1 0
0 0 101 2 4 3 1 0 5 7 6
0 0 73 7 0 1 6 5 2 3 4
0 0 79 5 7 1 6 0 2 3 4
0 0 81 5 7 1 6 4 2 3 0
0 0 67 7 4 1 0 2 6 5 3
0 0 68 7 4 1 3 2 6 5 0
0 0 79 0 5 6 7 3 1 2 4
0 0 59 7 5 3 6 0 2 4 1
0 0 61 7 5 3 6 1 2 4 0
0 0 88 5 6 2 0 7 1 3 4
0 0 89 5 6 2 4 7 1 3 0
0 0 104 2 4 3 7 0 5 1 6
0 0 74 7 1 0 6 5 2 3 4
0 0 82 5 0 1 6 7 2 3 4
0 0 84 5 7 0 6 4 2 3 1
0 0 70 7 4 1 5 2 6 0 3
0 0 71 7 4 1 5 2 6 3 0
0 0 70 7 4 1 3 0 6 5 2
0 0 62 7 0 3 6 5 2 4 1
0 0 64 7 5 0 6 1 2 4 3
0 0 91 5 6 2 3 7 1 0 4
0 0 92 5 6 2 3 7 1 4 0
0 0 90 0 6 2 5 7 1 3 4
0 0 75 7 1 6 0 5 2 3 4
0 0 76 7 1 6 4 5 2 3 0
0 0 83 5 1 0 6 7 2 3 4
0 0 61 0 5 1 7 2 4 6 3
0 0 74 7 4 0 5 2 6 3 1
0 0 73 7 0 1 3 4 6 5 2
0 0 63 7 3 0 6 5 2 4 1
0 0 65 7 5 6 0 1 2 4 3
0 0 66 7 5 6 3 1 2 4 0
0 0 26 1 3 2 5 6 7 0 4
0 0 93 1 6 2 5 7 0 3 4
0 0 78 7 1 6 3 5 2 0 4
0 0 79 7 1 6 3 5 2 4 0
0 0 79 7 1 0 4 5 2 3 6
0 0 64 4 5 1 7 2 0 6 3
0 0 75 7 4 5 0 2 6 3 1
0 0 76 7 4 5 1 2 6 3 0
0 0 74 7 1 0 3 4 6 5 2
0 0 68 7 5 6 4 1 2 0 3
0 0 69 7 5 6 4 1 2 3 0
0 0 69 7 5 0 3 1 2 4 6
0 0 94 1 6 2 5 7 3 0 4
0 0 95 1 6 2 5 7 3 4 0
0 0 32 1 0 6 2 5 4 7 3
0 0 80 7 1 4 0 5 2 3 6
0 0 81 7 1 4 6 5 2 3 0
0 0 65 4 5 1 7 2 6 0 3
0 0 66 4 5 1 7 2 6 3 0
0 0 78 7 4 5 1 0 6 3 2
0 0 63 7 5 1 3 4 0 6 2
0 0 72 7 5 0 4 1 2 3 6
0 0 70 7 0 5 3 1 2 4 6
0 0 29 1 0 3 5 6 7 4 2
0 0 98 1 6 0 5 7 3 4 2
0 0 33 1 6 0 2 5 4 7 3
0 0 83 7 1 4 3 5 2 0 6
0 0 84 7 1 4 3 5 2 6 0
0 0 83 7 1 4 6 0 2 3 5
0 0 69 4 5 0 7 2 6 3 1
0 0 81 7 0 5 1 4 6 3 2
0 0 64 7 5 1 3 4 6 0 2
0 0 65 7 5 1 3 4 6 2 0
0 0 73 7 5 4 0 1 2 3 6
0 0 74 7 5 4 6 1 2 3 0
0 0 30 0 1 3 5 6 7 4 2
0 0 34 1 6 2 0 5 4 7 3
0 0 35 1 6 2 3 5 4 7 0
0 0 34 1 4 6 0 5 7 3 2
0 0 86 7 0 4 6 1 2 3 5
0 0 70 4 5 7 0 2 6 3 1
0 0 71 4 5 7 1 2 6 3 0
0 0 82 7 5 0 1 4 6 3 2
0 0 68 7 5 0 3 4 6 2 1
0 0 31 0 3 5 1 6 7 4 2
0 0 77 7 5 0 6 1 2 3 4
0 0 33 7 1 3 5 6 0 4 2
0 0 37 1 6 2 7 5 4 0 3
0 0 38 1 6 2 7 5 4 3 0
0 0 38 1 6 0 3 5 4 7 2
0 0 87 7 4 0 6 1 2 3 5
0 0 73 4 5 7 3 2 6 0 1
0 0 74 4 5 7 3 2 6 1 0
0 0 74 4 5 0 1 2 6 3 7
0 0 69 7 5 3 0 4 6 2 1
0 0 70 7 5 3 1 4 6 2 0
0 0 34 7 3 5 1 6 0 4 2
0 0 34 7 1 3 5 6 4 0 2
0 0 35 7 1 3 5 6 4 2 0
0 0 27 0 2 4 5 3 6 7 1
0 0 39 1 6 3 0 5 4 7 2
0 0 40 1 6 3 2 5 4 7 0
0 0 88 7 4 6 0 1 2 3 5
0 0 89 7 4 6 5 1 2 3 0
0 0 77 4 5 0 3 2 6 1 7
0 0 72 7 5 3 2 4 6 0 1
0 0 73 7 5 3 2 4 6 1 0
0 0 73 7 5 0 1 4 6 2 3
0 0 35 1 3 5 4 0 7 2 6
0 0 38 7 1 0 5 6 4 2 3
0 0 30 6 2 4 5 3 0 7 1
0 0 42 1 6 3 7 5 4 0 2
0 0 43 1 6 3 7 5 4 2 0
0 0 42 1 6 3 2 0 4 7 5
0 0 92 7 4 0 5 1 2 3 6
0 0 78 4 5 3 0 2 6 1 7
0 0 79 4 5 3 7 2 6 1 0
0 0 90 5 1 4 2 7 3 0 6
0 0 91 5 1 4 2 7 3 6 0
0 0 74 7 0 5 1 4 6 2 3
0 0 39 7 1 5 0 6 4 2 3
0 0 40 7 1 5 3 6 4 2 0
0 0 31 6 2 4 5 3 7 0 1
0 0 32 6 2 4 5 3 7 1 0
0 0 45 1 6 3 7 0 4 2 5
0 0 93 7 4 5 0 1 2 3 6
0 0 94 7 4 5 6 1 2 3 0
0 0 80 0 5 3 4 2 6 1 7
0 0 54 1 2 4 7 0 5 3 6
0 0 56 1 2 4 7 6 5 3 0
0 0 94 5 1 0 2 7 3 6 4
0 0 42 7 1 5 2 6 4 0 3
0 0 43 7 1 5 2 6 4 3 0
0 0 43 7 1 0 3 6 4 2 5
0 0 35 6 2 0 5 3 7 1 4
0 0 48 1 0 3 7 6 4 2 5
0 0 96 7 4 5 3 1 2 0 6
0 0 97 7 4 5 3 1 2 6 0
0 0 96 7 4 5 6 0 2 3 1
0 0 57 1 0 4 7 2 5 3 6
0 0 59 1 2 0 7 6 5 3 4
0 0 95 5 1 2 0 7 3 6 4
0 0 96 5 1 2 4 7 3 6 0
0 0 92 5 1 2 6 7 3 0 4
0 0 44 7 0 1 3 6 4 2 5
0 0 36 6 2 5 0 3 7 1 4
0 0 37 6 2 5 4 3 7 1 0
0 0 49 1 3 0 7 6 4 2 5
0 0 100 7 4 0 3 1 2 6 5
0 0 99 7 0 5 6 4 2 3 1
0 0 58 1 4 0 7 2 5 3 6
0 0 60 1 2 7 0 6 5 3 4
0 0 61 1 2 7 4 6 5 3 0
0 0 97 0 1 2 5 7 3 6 4
0 0 93 5 1 2 6 7 0 3 4
0 0 45 0 7 1 3 6 4 2 5
0 0 39 6 2 5 1 3 7 0 4
0 0 40 6 2 5 1 3 7 4 0
0 0 40 6 2 0 4 3 7 1 5
0 0 101 7 4 3 0 1 2 6 5
0 0 102 7 4 3 5 1 2 6 0
0 0 100 0 7 5 6 4 2 3 1
0 0 63 1 2 7 3 6 5 0 4
0 0 64 1 2 7 3 6 5 4 0
0 0 63 1 2 7 4 0 5 3 6
0 0 100 3 1 2 5 7 0 6 4
0 0 48 4 7 1 3 6 0 2 5
0 0 93 1 6 5 4 3 0 2 7
0 0 43 6 2 0 1 3 7 4 5
0 0 41 6 0 2 4 3 7 1 5
0 0 103 0 4 3 7 1 2 6 5
0 0 105 7 4 0 5 1 2 6 3
0 0 103 2 7 5 6 4 0 3 1
0 0 31 7 2 1 0 3 4 6 5
0 0 67 1 2 0 3 6 5 4 7
0 0 66 1 0 7 4 2 5 3 6
0 0 101 3 1 2 5 7 6 0 4
0 0 102 3 1 2 5 7 6 4 0
0 0 49 4 7 1 3 6 2 0 5
0 0 50 4 7 1 3 6 2 5 0
0 0 94 1 6 5 4 0 3 2 7
0 0 96 1 6 5 4 7 3 2 0
0 0 42 0 6 2 4 3 7 1 5
0 0 106 7 0 4 5 1 2 6 3
0 0 34 7 2 1 6 3 4 0 5
0 0 35 7 2 1 6 3 4 5 0
0 0 68 1 2 3 0 6 5 4 7
0 0 69 1 2 3 7 6 5 4 0
0 0 67 1 7 0 4 2 5 3 6
0 0 105 3 1 0 5 7 6 4 2
0 0 53 4 7 0 3 6 2 5 1
0 0 97 1 0 5 4 6 3 2 7
0 0 99 1 6 0 4 7 3 2 5
0 0 45 7 6 2 4 3 0 1 5
0 0 107 0 7 4 5 1 2 6 3
0 0 99 3 0 4 5 7 1 2 6
0 0 38 7 2 0 6 3 4 5 1
0 0 70 0 2 3 1 6 5 4 7
0 0 72 1 2 0 7 6 5 4 3
0 0 68 1 7 4 0 2 5 3 6
0 0 69 1 7 4 6 2 5 3 0
0 0 106 3 1 5 0 7 6 4 2
0 0 107 3 1 5 2 7 6 4 0
0 0 54 4 7 3 0 6 2 5 1
0 0 55 4 7 3 1 6 2 5 0
0 0 100 1 6 4 0 7 3 2 5
0 0 101 1 6 4 5 7 3 2 0
0 0 110 2 7 4 5 1 0 6 3
0 0 39 7 2 6 0 3 4 5 1
0 0 40 7 2 6 1 3 4 5 0
0 0 73 1 0 2 7 6 5 4 3
0 0 71 1 7 4 3 2 5 0 6
0 0 72 1 7 4 3 2 5 6 0
0 0 109 3 1 5 4 7 6 0 2
0 0 110 3 1 5 4 7 6 2 0
0 0 110 3 1 0 2 7 6 4 5
0 0 58 4 7 0 1 6 2 5 3
0 0 103 1 6 4 5 0 3 2 7
0 0 111 2 7 4 5 1 6 0 3
0 0 112 2 7 4 5 1 6 3 0
0 0 41 0 2 6 7 3 4 5 1
0 0 43 7 2 0 1 3 4 5 6
0 0 100 3 6 4 1 0 2 7 5
0 0 102 3 6 4 1 5 2 7 0
0 0 75 1 7 0 3 2 5 6 4
0 0 101 0 6 4 5 1 2 7 3
0 0 111 3 0 1 2 7 6 4 5
0 0 59 4 0 7 1 6 2 5 3
0 0 106 1 0 4 5 6 3 2 7
0 0 43 5 2 3 7 6 1 0 4
0 0 44 5 2 3 7 6 1 4 0
0 0 115 2 7 0 5 1 6 3 4
0 0 44 4 2 6 7 3 0 5 1
0 0 103 3 0 4 1 6 2 7 5
0 0 105 3 6 0 1 5 2 7 4
0 0 76 1 0 7 3 2 5 6 4
0 0 104 2 6 4 5 1 0 7 3
0 0 112 0 3 1 2 7 6 4 5
0 0 60 0 4 7 1 6 2 5 3
0 0 107 1 4 0 5 6 3 2 7
0 0 31 6 7 5 0 3 1 2 4
0 0 32 6 7 5 4 3 1 2 0
0 0 46 5 2 3 7 0 1 4 6
0 0 116 2 7 5 0 1 6 3 4
0 0 117 2 7 5 4 1 6 3 0
0 0 104 0 3 4 1 6 2 7 5
0 0 106 3 6 1 0 5 2 7 4
0 0 107 3 6 1 4 5 2 7 0
0 0 105 2 6 4 5 1 7 0 3
0 0 106 2 6 4 5 1 7 3 0
0 0 115 6 3 1 2 7 0 4 5
0 0 62 1 4 7 0 6 2 5 3
0 0 63 1 4 7 3 6 2 5 0
0 0 34 6 7 5 2 3 1 0 4
0 0 35 6 7 5 2 3 1 4 0
0 0 49 5 0 3 7 2 1 4 6
0 0 119 2 7 5 3 1 6 0 4
0 0 120 2 7 5 3 1 6 4 0
0 0 107 2 3 4 1 6 0 7 5
0 0 110 3 6 0 4 5 2 7 1
0 0 32 7 0 6 1 3 4 5 2
0 0 116 6 3 1 2 7 4 0 5
0 0 117 6 3 1 2 7 4 5 0
0 0 65 1 4 7 5 6 2 0 3
0 0 66 1 4 7 5 6 2 3 0
0 0 66 1 4 0 3 6 2 5 7
0 0 105 3 1 5 6 7 0 4 2
0 0 50 5 3 0 7 2 1 4 6
0 0 123 2 7 0 3 1 6 4 5
0 0 108 2 3 4 1 6 7 0 5
0 0 109 2 3 4 1 6 7 5 0
0 0 111 3 0 6 4 5 2 7 1
0 0 33 7 6 0 1 3 4 5 2
0 0 104 2 6 0 1 3 7 4 5
0 0 106 2 6 4 1 0 7 5 3
0 0 69 1 4 0 5 6 2 3 7
0 0 67 1 4 3 0 6 2 5 7
0 0 68 1 4 3 7 6 2 5 0
0 0 106 3 1 5 6 0 7 4 2
0 0 108 3 1 5 6 2 7 4 0
0 0 106 3 0 5 6 7 1 4 2
0 0 124 2 7 3 0 1 6 4 5
0 0 125 2 7 3 5 1 6 4 0
0 0 112 2 3 0 1 6 7 5 4
0 0 34 7 6 1 0 3 4 5 2
0 0 35 7 6 1 2 3 4 5 0
0 0 105 2 6 1 0 3 7 4 5
0 0 106 2 6 1 5 3 7 4 0
0 0 70 1 4 5 0 6 2 3 7
0 0 71 1 4 5 7 6 2 3 0
0 0 69 0 4 3 1 6 2 5 7
0 0 109 3 0 5 6 1 7 4 2
0 0 111 3 1 0 6 2 7 4 5
0 0 127 2 7 3 4 1 6 0 5
0 0 128 2 7 3 4 1 6 5 0
0 0 113 2 3 1 0 6 7 5 4
0 0 114 2 3 1 4 6 7 5 0
0 0 37 7 6 1 5 3 4 0 2
0 0 38 7 6 1 5 3 4 2 0
0 0 38 7 6 0 2 3 4 5 1
0 0 108 2 6 1 4 3 7 0 5
0 0 109 2 6 1 4 3 7 5 0
0 0 72 0 4 5 1 6 2 3 7
0 0 72 2 4 3 1 6 0 5 7
0 0 112 3 1 6 0 2 7 4 5
0 0 113 3 1 6 5 2 7 4 0
0 0 39 1 0 5 7 3 2 4 6
0 0 116 2 3 1 5 6 7 0 4
0 0 117 2 3 1 5 6 7 4 0
0 0 117 2 3 0 4 6 7 5 1
0 0 18 5 3 4 0 1 6 2 7
0 0 41 7 6 0 5 3 4 2 1
0 0 111 0 1 6 3 7 4 2 5
0 0 112 2 6 0 4 3 7 5 1
0 0 73 2 4 3 1 0 6 5 7
0 0 75 2 4 3 1 7 6 5 0
0 0 115 3 1 6 4 2 7 0 5
0 0 116 3 1 6 4 2 7 5 0
0 0 116 3 1 0 5 2 7 4 6
0 0 40 0 1 5 7 3 2 4 6
0 0 40 7 4 3 0 6 5 1 2
0 0 119 2 3 1 5 0 7 4 6
0 0 118 2 0 3 4 6 7 5 1
0 0 42 7 6 5 0 3 4 2 1
0 0 43 7 6 5 1 3 4 2 0
0 0 113 2 0 6 4 3 7 5 1
0 0 76 2 0 3 1 4 6 5 7
0 0 78 2 4 0 1 7 6 5 3
0 0 42 1 0 5 7 3 2 6 4
0 0 119 3 1 0 4 2 7 5 6
0 0 117 3 1 4 5 2 7 0 6
0 0 118 3 1 4 5 2 7 6 0
0 0 43 7 4 3 1 6 5 0 2
0 0 44 7 4 3 1 6 5 2 0
0 0 119 0 2 3 4 6 7 5 1
0 0 45 7 6 5 1 0 4 2 3
0 0 46 7 6 0 1 3 4 2 5
0 0 114 0 2 6 4 3 7 5 1
0 0 77 2 3 0 1 4 6 5 7
0 0 79 2 4 1 0 7 6 5 3
0 0 80 2 4 1 3 7 6 5 0
0 0 120 3 1 4 0 2 7 5 6
0 0 121 3 1 4 6 2 7 5 0
0 0 121 3 1 0 5 2 7 6 4
0 0 53 5 3 7 4 0 1 2 6
0 0 47 7 4 0 1 6 5 2 3
0 0 122 7 2 3 4 6 0 5 1
0 0 48 7 0 5 1 6 4 2 3
0 0 47 7 0 6 1 3 4 2 5
0 0 117 7 2 6 4 3 0 5 1
0 0 78 2 3 1 0 4 6 5 7
0 0 79 2 3 1 7 4 6 5 0
0 0 83 2 4 0 3 7 6 5 1
0 0 122 0 1 4 3 2 7 5 6
0 0 124 3 1 0 6 2 7 5 4
0 0 122 3 1 5 0 2 7 6 4
0 0 123 3 1 5 4 2 7 6 0
0 0 48 7 4 1 0 6 5 2 3
0 0 49 7 4 1 3 6 5 2 0
0 0 49 7 5 0 1 6 4 2 3
0 0 48 0 7 6 1 3 4 2 5
0 0 118 7 2 6 4 3 5 0 1
0 0 119 7 2 6 4 3 5 1 0
0 0 82 2 3 0 7 4 6 5 1
0 0 84 2 0 4 3 7 6 5 1
0 0 125 7 1 4 3 2 0 5 6
0 0 125 3 0 1 6 2 7 5 4
0 0 124 0 1 5 3 2 7 6 4
0 0 125 3 1 5 4 0 7 6 2
0 0 51 7 4 1 2 6 5 0 3
0 0 52 7 4 1 2 6 5 3 0
0 0 50 7 5 1 0 6 4 2 3
0 0 51 7 5 1 3 6 4 2 0
0 0 44 0 5 7 1 3 2 6 4
0 0 122 7 2 0 4 3 5 1 6
0 0 83 2 3 7 0 4 6 5 1
0 0 84 2 3 7 1 4 6 5 0
0 0 126 7 1 4 3 2 5 0 6
0 0 127 7 1 4 3 2 5 6 0
0 0 127 7 1 5 3 2 0 6 4
0 0 128 3 0 5 4 1 7 6 2
0 0 25 5 3 2 7 6 0 4 1
0 0 54 7 4 1 2 0 5 3 6
0 0 53 7 5 1 2 6 4 0 3
0 0 54 7 5 1 2 6 4 3 0
0 0 47 2 5 7 1 3 0 6 4
0 0 123 7 2 4 0 3 5 1 6
0 0 124 7 2 4 6 3 5 1 0
0 0 86 2 3 7 1 0 6 5 4
0 0 47 5 2 7 0 4 1 3 6
0 0 130 7 1 0 3 2 5 6 4
0 0 128 7 1 5 3 2 6 0 4
0 0 129 7 1 5 3 2 6 4 0
0 0 26 5 3 2 7 6 4 0 1
0 0 27 5 3 2 7 6 4 1 0
0 0 48 1 5 6 7 2 0 4 3
0 0 57 7 5 0 2 6 4 3 1
0 0 48 2 5 7 1 3 6 0 4
0 0 49 2 5 7 1 3 6 4 0
0 0 127 7 2 0 6 3 5 1 4
0 0 89 2 0 7 1 3 6 5 4
0 0 49 0 2 7 5 4 1 3 6
0 0 131 7 1 3 0 2 5 6 4
0 0 132 7 1 3 4 2 5 6 0
0 0 132 7 1 0 3 2 6 4 5
0 0 119 3 6 5 7 1 4 0 2
0 0 30 5 3 0 7 6 4 1 2
0 0 49 1 5 6 7 2 4 0 3
0 0 50 1 5 6 7 2 4 3 0
0 0 60 0 3 2 5 6 1 4 7
0 0 52 2 5 0 1 3 6 4 7
0 0 128 7 0 2 6 3 5 1 4
0 0 90 2 7 0 1 3 6 5 4
0 0 52 1 2 7 5 4 0 3 6
0 0 134 7 1 3 6 2 5 0 4
0 0 135 7 1 3 6 2 5 4 0
0 0 133 7 1 3 0 2 6 4 5
0 0 134 7 1 3 5 2 6 4 0
0 0 31 5 3 7 0 6 4 1 2
0 0 32 5 3 7 2 6 4 1 0
0 0 53 1 5 0 7 2 4 3 6
0 0 63 1 3 2 5 6 0 4 7
0 0 53 2 5 1 0 3 6 4 7
0 0 54 2 5 1 7 3 6 4 0
0 0 91 2 7 1 0 3 6 5 4
0 0 92 2 7 1 4 3 6 5 0
0 0 26 1 6 2 0 7 5 3 4
0 0 138 7 1 0 6 2 5 4 3
0 0 136 7 1 3 4 2 6 0 5
0 0 137 7 1 3 4 2 6 5 0
0 0 34 5 3 7 1 6 4 0 2
0 0 35 5 3 7 1 6 4 2 0
0 0 54 1 5 7 0 2 4 3 6
0 0 55 1 5 7 6 2 4 3 0
0 0 56 2 5 1 4 3 6 0 7
0 0 57 2 5 1 4 3 6 7 0
0 0 94 2 7 1 5 3 6 0 4
0 0 95 2 7 1 5 3 6 4 0
0 0 29 1 6 2 3 7 5 0 4
0 0 30 1 6 2 3 7 5 4 0
0 0 51 5 0 2 7 3 4 6 1
0 0 140 7 1 0 4 2 6 5 3
0 0 52 7 5 2 1 4 0 6 3
0 0 38 5 3 0 1 6 4 2 7
0 0 57 1 5 7 3 2 4 0 6
0 0 58 1 5 7 3 2 4 6 0
0 0 29 1 6 3 4 7 5 0 2
0 0 30 1 6 3 4 7 5 2 0
0 0 46 7 6 2 4 0 5 1 3
0 0 48 7 6 2 4 3 5 1 0
0 0 47 4 6 2 0 7 5 1 3
0 0 48 4 6 2 3 7 5 1 0
0 0 52 5 2 0 7 3 4 6 1
0 0 141 7 1 4 0 2 6 5 3
0 0 142 7 1 4 3 2 6 5 0
0 0 39 5 3 1 0 6 4 2 7
0 0 40 5 3 1 7 6 4 2 0
0 0 61 1 5 0 3 2 4 6 7
0 0 54 5 2 6 3 4 0 1 7
0 0 33 1 6 0 4 7 5 2 3
0 0 47 7 6 2 4 5 0 1 3
0 0 51 7 6 0 4 3 5 1 2
0 0 50 4 6 2 1 7 5 0 3
0 0 51 4 6 2 1 7 5 3 0
0 0 53 5 2 7 0 3 4 6 1
0 0 54 5 2 7 1 3 4 6 0
0 0 144 7 1 4 3 0 6 5 2
0 0 42 5 3 1 2 6 4 0 7
0 0 43 5 3 1 2 6 4 7 0
0 0 62 1 5 3 0 2 4 6 7
0 0 63 1 5 3 7 2 4 6 0
0 0 34 1 0 6 4 7 5 2 3
0 0 48 7 6 2 4 5 1 0 3
0 0 49 7 6 2 4 5 1 3 0
0 0 31 1 6 4 2 7 5 0 3
0 0 54 4 6 0 1 7 5 3 2
0 0 56 5 2 7 6 3 4 0 1
0 0 57 5 2 7 6 3 4 1 0
0 0 147 7 0 4 3 1 6 5 2
0 0 128 3 6 2 5 0 4 7 1
0 0 46 5 3 0 2 6 4 7 1
0 0 65 1 5 3 6 2 4 0 7
0 0 66 1 5 3 6 2 4 7 0
0 0 35 0 1 6 4 7 5 2 3
0 0 58 5 2 7 3 4 1 0 6
0 0 59 5 2 7 3 4 1 6 0
0 0 32 1 6 4 2 7 0 5 3
0 0 55 4 6 1 0 7 5 3 2
0 0 56 4 6 1 2 7 5 3 0
0 0 60 5 2 0 6 3 4 1 7
0 0 148 7 4 0 3 1 6 5 2
0 0 129 3 6 2 5 4 0 7 1
0 0 47 5 3 2 0 6 4 7 1
0 0 48 5 3 2 1 6 4 7 0
0 0 69 1 5 0 6 2 4 7 3
0 0 38 5 1 6 4 7 0 2 3
0 0 56 7 2 1 3 0 5 6 4
0 0 61 5 2 7 3 0 1 6 4
0 0 33 1 6 4 2 0 7 5 3
0 0 35 1 6 4 2 3 7 5 0
0 0 59 4 6 0 2 7 5 3 1
0 0 61 5 2 6 0 3 4 1 7
0 0 62 5 2 6 7 3 4 1 0
0 0 130 3 6 2 5 4 7 0 1
0 0 131 3 6 2 5 4 7 1 0
0 0 50 5 3 2 1 0 4 7 6
0 0 70 1 5 6 0 2 4 7 3
0 0 71 1 5 6 3 2 4 7 0
0 0 57 7 2 1 3 5 0 6 4
0 0 64 5 0 7 3 2 1 6 4
0 0 36 1 0 4 2 6 7 5 3
0 0 38 1 6 0 2 3 7 5 4
0 0 60 4 0 6 2 7 5 3 1
0 0 64 5 2 6 1 3 4 0 7
0 0 65 5 2 6 1 3 4 7 0
0 0 61 5 2 3 6 0 1 7 4
0 0 134 3 6 0 5 4 7 1 2
0 0 53 5 0 2 1 3 4 7 6
0 0 72 0 5 6 1 2 4 7 3
0 0 73 1 5 6 3 0 4 7 2
0 0 58 7 2 1 3 5 6 0 4
0 0 59 7 2 1 3 5 6 4 0
0 0 37 1 4 0 2 6 7 5 3
0 0 39 1 6 2 0 3 7 5 4
0 0 40 1 6 2 4 3 7 5 0
0 0 55 3 6 2 1 5 0 4 7
0 0 68 5 2 0 1 3 4 7 6
0 0 64 5 0 3 6 2 1 7 4
0 0 135 3 6 5 0 4 7 1 2
0 0 136 3 6 5 2 4 7 1 0
0 0 75 4 5 6 1 2 0 7 3
0 0 74 1 5 6 3 4 0 7 2
0 0 36 5 3 2 4 6 7 0 1
0 0 62 7 2 0 3 5 6 4 1
0 0 38 1 4 2 0 6 7 5 3
0 0 39 1 4 2 3 6 7 5 0
0 0 43 1 6 0 4 3 7 5 2
0 0 56 3 6 2 1 0 5 4 7
0 0 58 3 6 2 1 7 5 4 0
0 0 65 0 5 3 6 2 1 7 4
0 0 138 3 6 5 1 4 7 0 2
0 0 139 3 6 5 1 4 7 2 0
0 0 76 4 5 6 1 2 7 0 3
0 0 77 4 5 6 1 2 7 3 0
0 0 37 5 3 2 4 6 0 7 1
0 0 63 7 2 3 0 5 6 4 1
0 0 64 7 2 3 1 5 6 4 0
0 0 42 1 4 0 3 6 7 5 2
0 0 44 1 0 6 4 3 7 5 2
0 0 59 3 0 2 1 6 5 4 7
0 0 61 3 6 0 1 7 5 4 2
0 0 68 1 5 3 6 2 0 7 4
0 0 37 5 7 2 4 3 0 1 6
0 0 142 3 6 0 1 4 7 2 5
0 0 39 5 3 1 4 6 7 0 2
0 0 40 5 3 1 4 6 7 2 0
0 0 38 5 3 2 4 0 6 7 1
0 0 40 5 3 2 4 1 6 7 0
0 0 67 7 2 0 1 5 6 4 3
0 0 43 1 4 3 0 6 7 5 2
0 0 44 1 4 3 2 6 7 5 0
0 0 60 0 3 2 1 6 5 4 7
0 0 62 3 6 1 0 7 5 4 2
0 0 63 3 6 1 2 7 5 4 0
0 0 38 5 7 2 4 3 1 0 6
0 0 39 5 7 2 4 3 1 6 0
0 0 66 1 6 4 3 0 2 7 5
0 0 42 5 3 1 4 0 7 2 6
0 0 41 5 0 2 4 3 6 7 1
0 0 43 5 3 0 4 1 6 7 2
0 0 68 7 0 2 1 5 6 4 3
0 0 46 1 4 3 5 6 7 0 2
0 0 47 1 4 3 5 6 7 2 0
0 0 63 5 3 2 1 6 0 4 7
0 0 65 3 6 1 4 7 5 0 2
0 0 66 3 6 1 4 7 5 2 0
0 0 41 0 3 4 5 6 7 1 2
0 0 42 5 7 0 4 3 1 6 2
0 0 69 1 0 4 3 6 2 7 5
0 0 45 5 0 1 4 3 7 2 6
0 0 42 0 5 2 4 3 6 7 1
0 0 44 5 3 4 0 1 6 7 2
0 0 45 5 3 4 2 1 6 7 0
0 0 66 5 0 3 7 1 2 6 4
0 0 50 1 4 0 5 6 7 2 3
0 0 64 5 3 2 1 0 6 4 7
0 0 66 5 3 2 1 7 6 4 0
0 0 69 3 6 0 4 7 5 2 1
0 0 44 7 3 4 5 6 0 1 2
0 0 43 5 7 4 0 3 1 6 2
0 0 44 5 7 4 2 3 1 6 0
0 0 46 5 1 0 4 3 7 2 6
0 0 45 6 5 2 4 3 0 7 1
0 0 46 0 3 4 5 1 6 7 2
0 0 48 5 3 0 2 1 6 7 4
0 0 67 5 3 0 7 1 2 6 4
0 0 51 1 4 5 0 6 7 2 3
0 0 52 1 4 5 3 6 7 2 0
0 0 69 5 3 0 1 7 6 4 2
0 0 70 3 6 4 0 7 5 2 1
0 0 71 3 6 4 1 7 5 2 0
0 0 46 5 7 4 6 3 1 0 2
0 0 47 5 7 4 6 3 1 2 0
0 0 47 5 1 4 0 3 7 2 6
0 0 48 5 1 4 6 3 7 2 0
0 0 49 6 3 4 5 1 0 7 2
0 0 49 5 0 3 2 1 6 7 4
0 0 68 5 3 7 0 1 2 6 4
0 0 69 5 3 7 4 1 2 6 0
0 0 55 1 4 0 3 6 7 2 5
0 0 70 5 3 1 0 7 6 4 2
0 0 71 5 3 1 2 7 6 4 0
0 0 74 3 6 0 1 7 5 2 4
0 0 65 3 2 1 5 0 4 7 6
0 0 50 5 7 0 6 3 1 2 4
0 0 50 5 1 4 2 3 7 0 6
0 0 51 5 1 4 2 3 7 6 0
0 0 50 6 3 4 5 1 7 0 2
0 0 51 6 3 4 5 1 7 2 0
0 0 71 5 3 7 6 1 2 0 4
0 0 72 5 3 7 6 1 2 4 0
0 0 56 1 0 4 3 6 7 2 5
0 0 73 5 3 1 4 7 6 0 2
0 0 74 5 3 1 4 7 6 2 0
0 0 75 3 0 6 1 7 5 2 4
0 0 68 3 0 1 5 2 4 7 6
0 0 51 5 7 6 0 3 1 2 4
0 0 52 5 7 6 4 3 1 2 0
0 0 54 5 1 0 2 3 7 6 4
0 0 67 3 2 7 5 6 4 0 1
0 0 68 3 2 7 5 6 4 1 0
0 0 35 5 6 4 7 1 0 3 2
0 0 75 5 3 0 6 1 2 4 7
0 0 57 0 1 4 3 6 7 2 5
0 0 45 5 2 6 4 3 7 0 1
0 0 77 5 3 0 4 7 6 2 1
0 0 76 0 3 6 1 7 5 2 4
0 0 69 3 1 0 5 2 4 7 6
0 0 54 5 7 6 2 3 1 0 4
0 0 55 5 7 6 2 3 1 4 0
0 0 55 5 1 2 0 3 7 6 4
0 0 56 5 1 2 4 3 7 6 0
0 0 71 3 2 0 5 6 4 1 7
0 0 36 5 6 4 7 0 1 3 2
0 0 38 5 6 4 7 2 1 3 0
0 0 60 7 1 4 3 6 0 2 5
0 0 46 5 2 6 4 3 0 7 1
0 0 78 5 3 4 0 7 6 2 1
0 0 79 5 3 4 1 7 6 2 0
0 0 70 3 1 5 0 2 4 7 6
0 0 71 3 1 5 6 2 4 7 0
0 0 58 5 7 0 2 3 1 4 6
0 0 58 5 1 2 6 3 7 0 4
0 0 59 5 1 2 6 3 7 4 0
0 0 72 3 0 2 5 6 4 1 7
0 0 39 5 0 4 7 6 1 3 2
0 0 41 5 6 0 7 2 1 3 4
0 0 61 7 1 4 3 6 2 0 5
0 0 62 7 1 4 3 6 2 5 0
0 0 81 5 3 4 2 7 6 0 1
0 0 82 5 3 4 2 7 6 1 0
0 0 73 3 1 5 7 2 4 0 6
0 0 74 3 1 5 7 2 4 6 0
0 0 59 5 7 2 0 3 1 4 6
0 0 60 5 7 2 6 3 1 4 0
0 0 62 5 1 0 6 3 7 4 2
0 0 73 0 3 2 5 6 4 1 7
0 0 40 5 4 0 7 6 1 3 2
0 0 42 5 6 7 0 2 1 3 4
0 0 43 5 6 7 4 2 1 3 0
0 0 65 7 1 0 3 6 2 5 4
0 0 78 1 2 3 7 6 0 4 5
0 0 85 5 3 0 2 7 6 1 4
0 0 76 0 2 3 1 7 5 6 4
0 0 77 3 1 0 7 2 4 6 5
0 0 61 0 7 2 5 3 1 4 6
0 0 62 5 7 2 6 0 1 4 3
0 0 63 5 1 6 0 3 7 4 2
0 0 64 5 1 6 2 3 7 4 0
0 0 41 5 4 7 0 6 1 3 2
0 0 42 5 4 7 2 6 1 3 0
0 0 46 5 6 0 4 2 1 3 7
0 0 66 7 1 3 0 6 2 5 4
0 0 67 7 1 3 4 6 2 5 0
0 0 86 5 3 2 0 7 6 1 4
0 0 87 5 3 2 4 7 6 1 0
0 0 78 3 1 7 0 2 4 6 5
0 0 79 3 1 7 5 2 4 6 0
0 0 65 5 0 2 6 7 1 4 3
0 0 66 5 1 6 4 3 7 0 2
0 0 67 5 1 6 4 3 7 2 0
0 0 44 5 4 7 3 6 1 0 2
0 0 45 5 4 7 3 6 1 2 0
0 0 47 5 0 6 4 2 1 3 7
0 0 68 0 1 3 7 6 2 5 4
0 0 69 7 1 3 4 0 2 5 6
0 0 88 0 3 2 5 7 6 1 4
0 0 89 5 3 2 4 0 6 1 7
0 0 81 3 1 7 6 2 4 0 5
0 0 82 3 1 7 6 2 4 5 0
0 0 66 5 2 0 6 7 1 4 3
0 0 51 5 6 1 4 2 7 0 3
0 0 68 5 1 6 0 3 7 2 4
0 0 59 5 7 1 2 3 6 0 4
0 0 60 5 7 1 2 3 6 4 0
0 0 48 0 5 6 4 2 1 3 7
0 0 71 2 1 3 7 6 0 5 4
0 0 72 7 0 3 4 1 2 5 6
0 0 91 6 3 2 5 7 0 1 4
0 0 92 5 0 2 4 3 6 1 7
0 0 65 5 4 3 6 1 2 0 7
0 0 85 3 1 0 6 2 4 5 7
0 0 84 3 1 7 6 0 4 5 2
0 0 52 5 6 1 4 2 0 7 3
0 0 70 0 1 6 5 3 7 2 4
0 0 65 5 0 4 6 1 2 3 7
0 0 63 5 7 0 2 3 6 4 1
0 0 51 1 5 6 4 2 0 3 7
0 0 72 2 1 3 7 6 5 0 4
0 0 73 2 1 3 7 6 5 4 0
0 0 92 6 3 2 5 7 1 0 4
0 0 93 6 3 2 5 7 1 4 0
0 0 66 5 4 3 6 1 0 2 7
0 0 86 3 1 6 0 2 4 5 7
0 0 87 3 1 6 7 2 4 5 0
0 0 53 5 6 1 4 0 2 7 3
0 0 55 5 6 1 4 3 2 7 0
0 0 66 0 5 4 6 1 2 3 7
0 0 64 5 7 2 0 3 6 4 1
0 0 65 5 7 2 1 3 6 4 0
0 0 53 5 6 4 3 2 7 0 1
0 0 76 2 1 0 7 6 5 4 3
0 0 54 5 6 4 3 0 7 1 2
0 0 96 6 3 0 5 7 1 4 2
0 0 67 5 4 3 6 0 1 2 7
0 0 69 5 4 3 6 7 1 2 0
0 0 89 3 1 6 7 0 4 5 2
0 0 56 5 0 1 4 6 2 7 3
0 0 58 5 6 0 4 3 2 7 1
0 0 69 2 5 4 6 1 0 3 7
0 0 67 5 7 2 4 3 6 0 1
0 0 68 5 7 2 4 3 6 1 0
0 0 67 5 7 2 1 0 6 4 3
0 0 77 2 1 7 0 6 5 4 3
0 0 78 2 1 7 3 6 5 4 0
0 0 97 6 3 5 0 7 1 4 2
0 0 98 6 3 5 2 7 1 4 0
0 0 72 5 4 0 6 7 1 2 3
0 0 92 3 0 6 7 1 4 5 2
0 0 57 5 1 0 4 6 2 7 3
0 0 59 5 6 4 0 3 2 7 1
0 0 60 5 6 4 1 3 2 7 0
0 0 83 5 7 3 1 0 2 6 4
0 0 85 5 7 3 1 4 2 6 0
0 0 70 5 0 2 1 7 6 4 3
0 0 80 2 1 7 4 6 5 0 3
0 0 81 2 1 7 4 6 5 3 0
0 0 100 6 3 5 4 7 1 0 2
0 0 101 6 3 5 4 7 1 2 0
0 0 73 5 4 6 0 7 1 2 3
0 0 74 5 4 6 3 7 1 2 0
0 0 58 5 1 4 0 6 2 7 3
0 0 59 5 1 4 3 6 2 7 0
0 0 63 5 6 0 1 3 2 7 4
0 0 86 5 0 3 1 7 2 6 4
0 0 88 5 7 0 1 4 2 6 3
0 0 71 5 2 0 1 7 6 4 3
0 0 84 7 3 0 6 2 5 1 4
0 0 84 2 1 0 4 6 5 3 7
0 0 85 7 3 1 0 2 5 4 6
0 0 104 6 3 0 4 7 1 2 5
0 0 76 5 4 6 2 7 1 0 3
0 0 77 5 4 6 2 7 1 3 0
0 0 61 5 1 4 7 6 2 0 3
0 0 62 5 1 4 7 6 2 3 0
0 0 64 5 0 6 1 3 2 7 4
0 0 87 5 3 0 1 7 2 6 4
0 0 89 5 7 1 0 4 2 6 3
0 0 90 5 7 1 3 4 2 6 0
0 0 85 7 0 3 6 2 5 1 4
0 0 85 2 1 4 0 6 5 3 7
0 0 86 2 1 4 7 6 5 3 0
0 0 105 6 3 4 0 7 1 2 5
0 0 106 6 3 4 5 7 1 2 0
0 0 80 5 4 0 2 7 1 3 6
0 0 57 5 0 7 2 4 1 6 3
0 0 65 5 1 0 7 6 2 3 4
0 0 65 0 5 6 1 3 2 7 4
0 0 88 5 3 1 0 7 2 6 4
0 0 89 5 3 1 4 7 2 6 0
0 0 93 5 7 0 3 4 2 6 1
0 0 86 0 7 3 6 2 5 1 4
0 0 88 2 1 4 3 6 5 0 7
0 0 89 2 1 4 3 6 5 7 0
0 0 108 6 3 4 2 7 1 0 5
0 0 109 6 3 4 2 7 1 5 0
0 0 81 5 4 2 0 7 1 3 6
0 0 82 5 4 2 6 7 1 3 0
0 0 66 5 1 7 0 6 2 3 4
0 0 67 5 1 7 4 6 2 3 0
0 0 91 5 3 1 6 7 2 0 4
0 0 92 5 3 1 6 7 2 4 0
0 0 94 5 0 7 3 4 2 6 1
0 0 89 5 7 3 6 2 0 1 4
0 0 76 5 4 3 6 0 2 7 1
0 0 92 2 1 0 3 6 5 7 4
0 0 91 1 3 4 5 6 0 2 7
0 0 112 6 3 0 2 7 1 5 4
0 0 84 5 4 2 3 7 1 0 6
0 0 85 5 4 2 3 7 1 6 0
0 0 69 5 1 7 3 6 2 0 4
0 0 70 5 1 7 3 6 2 4 0
0 0 91 7 3 6 1 0 5 4 2
0 0 95 5 3 0 6 7 2 4 1
0 0 95 0 5 7 3 4 2 6 1
0 0 90 5 7 3 6 2 1 0 4
0 0 91 5 7 3 6 2 1 4 0
0 0 93 2 1 3 0 6 5 7 4
0 0 94 2 1 3 4 6 5 7 0
0 0 113 6 3 2 0 7 1 5 4
0 0 114 6 3 2 4 7 1 5 0
0 0 88 5 4 0 3 7 1 6 2
0 0 66 5 6 2 7 1 0 4 3
0 0 73 5 1 0 3 6 2 4 7
0 0 94 7 0 6 1 3 5 4 2
0 0 96 5 3 6 0 7 2 4 1
0 0 97 5 3 6 1 7 2 4 0
0 0 76 4 0 3 5 1 2 7 6
0 0 94 5 7 0 6 2 1 4 3
0 0 95 0 1 3 2 6 5 7 4
0 0 96 2 1 3 4 0 5 7 6
0 0 115 0 3 2 6 7 1 5 4
0 0 116 6 3 2 4 0 1 5 7
0 0 89 5 4 3 0 7 1 6 2
0 0 90 5 4 3 2 7 1 6 0
0 0 74 5 1 3 0 6 2 4 7
0 0 75 5 1 3 7 6 2 4 0
0 0 99 5 3 6 4 7 2 0 1
0 0 100 5 3 6 4 7 2 1 0
0 0 77 4 3 0 5 1 2 7 6
0 0 95 5 7 6 0 2 1 4 3
0 0 96 5 7 6 3 2 1 4 0
0 0 99 2 0 3 4 1 5 7 6
0 0 118 1 3 2 6 7 0 5 4
0 0 119 6 0 2 4 3 1 5 7
0 0 91 0 4 3 5 7 1 6 2
0 0 92 5 4 3 2 0 1 6 7
0 0 77 5 1 3 4 6 2 0 7
0 0 78 5 1 3 4 6 2 7 0
0 0 79 2 0 3 5 1 4 7 6
0 0 103 5 3 0 4 7 2 1 6
0 0 78 4 3 5 0 1 2 7 6
0 0 79 4 3 5 6 1 2 7 0
0 0 99 5 7 0 3 2 1 4 6
0 0 100 2 3 0 4 1 5 7 6
0 0 119 1 3 2 6 7 5 0 4
0 0 120 1 3 2 6 7 5 4 0
0 0 94 1 4 3 5 7 0 6 2
0 0 95 5 0 3 2 4 1 6 7
0 0 44 2 0 4 3 6 5 7 1
0 0 80 5 1 3 4 0 2 7 6
0 0 80 2 3 0 5 1 4 7 6
0 0 104 5 3 4 0 7 2 1 6
0 0 105 5 3 4 6 7 2 1 0
0 0 82 4 3 0 6 1 2 7 5
0 0 100 5 0 7 3 2 1 4 6
0 0 101 2 3 4 0 1 5 7 6
0 0 102 2 3 4 6 1 5 7 0
0 0 123 1 3 0 6 7 5 4 2
0 0 95 1 4 3 5 7 6 0 2
0 0 96 1 4 3 5 7 6 2 0
0 0 45 2 5 4 3 6 0 7 1
0 0 83 5 0 3 4 1 2 7 6
0 0 81 2 3 5 0 1 4 7 6
0 0 82 2 3 5 6 1 4 7 0
0 0 107 5 3 4 6 0 2 1 7
0 0 83 4 3 6 0 1 2 7 5
0 0 84 4 3 6 5 1 2 7 0
0 0 104 2 3 4 7 1 5 0 6
0 0 105 2 3 4 7 1 5 6 0
0 0 124 1 3 6 0 7 5 4 2
0 0 125 1 3 6 2 7 5 4 0
0 0 99 1 4 0 5 7 6 2 3
0 0 46 2 5 4 3 6 7 0 1
0 0 47 2 5 4 3 6 7 1 0
0 0 84 2 3 5 7 1 4 0 6
0 0 85 2 3 5 7 1 4 6 0
0 0 110 5 0 4 6 3 2 1 7
0 0 86 4 3 6 7 1 2 0 5
0 0 87 4 3 6 7 1 2 5 0
0 0 84 2 0 4 5 1 7 6 3
0 0 108 2 3 0 7 1 5 6 4
0 0 127 1 3 6 4 7 5 0 2
0 0 128 1 3 6 4 7 5 2 0
0 0 100 1 4 5 0 7 6 2 3
0 0 101 1 4 5 3 7 6 2 0
0 0 50 2 5 0 3 6 7 1 4
0 0 102 0 1 5 4 3 2 7 6
0 0 88 2 3 0 7 1 4 6 5
0 0 111 5 4 0 6 3 2 1 7
0 0 48 0 2 4 3 5 6 7 1
0 0 90 4 3 0 7 1 2 5 6
0 0 85 0 2 4 5 1 7 6 3
0 0 109 2 3 7 0 1 5 6 4
0 0 110 2 3 7 4 1 5 6 0
0 0 131 1 3 0 4 7 5 2 6
0 0 103 1 4 5 2 7 6 0 3
0 0 104 1 4 5 2 7 6 3 0
0 0 51 2 5 3 0 6 7 1 4
0 0 52 2 5 3 4 6 7 1 0
0 0 89 2 3 7 0 1 4 6 5
0 0 90 2 3 7 5 1 4 6 0
0 0 51 6 2 4 3 5 0 7 1
0 0 91 4 3 7 0 1 2 5 6
0 0 92 4 3 7 6 1 2 5 0
0 0 112 2 3 7 6 1 5 0 4
0 0 113 2 3 7 6 1 5 4 0
0 0 132 1 3 4 0 7 5 2 6
0 0 133 1 3 4 6 7 5 2 0
0 0 107 1 4 0 2 7 6 3 5
0 0 54 2 5 3 1 6 7 0 4
0 0 55 2 5 3 1 6 7 4 0
0 0 92 2 3 7 6 1 4 0 5
0 0 93 2 3 7 6 1 4 5 0
0 0 52 6 2 4 3 5 7 0 1
0 0 53 6 2 4 3 5 7 1 0
0 0 95 4 3 0 6 1 2 5 7
0 0 90 2 4 3 1 6 5 0 7
0 0 116 2 3 0 6 1 5 4 7
0 0 135 1 3 4 2 7 5 0 6
0 0 136 1 3 4 2 7 5 6 0
0 0 108 1 4 2 0 7 6 3 5
0 0 109 1 4 2 5 7 6 3 0
0 0 58 2 5 0 1 6 7 4 3
0 0 67 5 1 3 2 0 6 7 4
0 0 96 2 3 0 6 1 4 5 7
0 0 61 0 5 6 7 4 2 1 3
0 0 56 6 2 0 3 5 7 1 4
0 0 96 4 0 3 6 1 2 5 7
0 0 55 6 2 4 3 0 7 1 5
0 0 117 2 3 6 0 1 5 4 7
0 0 118 2 3 6 7 1 5 4 0
0 0 139 1 3 0 2 7 5 6 4
0 0 111 1 4 2 3 7 6 0 5
0 0 112 1 4 2 3 7 6 5 0
0 0 59 2 5 1 0 6 7 4 3
0 0 60 2 5 1 3 6 7 4 0
0 0 97 2 3 6 0 1 4 5 7
0 0 98 2 3 6 7 1 4 5 0
0 0 57 6 2 3 0 5 7 1 4
0 0 58 6 2 3 4 5 7 1 0
0 0 58 6 0 4 3 2 7 1 5
0 0 120 2 3 6 4 1 5 0 7
0 0 121 2 3 6 4 1 5 7 0
0 0 140 1 3 2 0 7 5 6 4
0 0 141 1 3 2 4 7 5 6 0
0 0 115 1 4 0 3 7 6 5 2
0 0 62 2 5 1 4 6 7 0 3
0 0 63 2 5 1 4 6 7 3 0
0 0 100 2 3 6 5 1 4 0 7
0 0 101 2 3 6 5 1 4 7 0
0 0 60 6 2 3 1 5 7 0 4
0 0 61 6 2 3 1 5 7 4 0
0 0 59 6 4 0 3 2 7 1 5
0 0 64 7 5 6 0 4 2 3 1
0 0 123 2 3 6 4 0 5 7 1
0 0 142 0 3 2 1 7 5 6 4
0 0 143 1 3 2 4 0 5 6 7
0 0 116 1 4 3 0 7 6 5 2
0 0 117 1 4 3 2 7 6 5 0
0 0 66 2 5 0 4 6 7 3 1
0 0 59 7 4 1 3 2 6 0 5
0 0 103 2 3 6 5 0 4 7 1
0 0 59 7 0 4 3 2 6 1 5
0 0 64 6 2 0 1 5 7 4 3
0 0 60 6 4 3 0 2 7 1 5
0 0 61 6 4 3 5 2 7 1 0
0 0 124 2 3 6 4 5 0 7 1
0 0 145 5 3 2 1 7 0 6 4
0 0 146 1 0 2 4 3 5 6 7
0 0 118 0 4 3 1 7 6 5 2
0 0 119 1 4 3 2 0 6 5 7
0 0 67 2 5 4 0 6 7 3 1
0 0 68 2 5 4 1 6 7 3 0
0 0 106 2 0 6 5 3 4 7 1
0 0 60 0 7 4 3 2 6 1 5
0 0 65 6 2 1 0 5 7 4 3
0 0 66 6 2 1 3 5 7 4 0
0 0 64 6 4 0 5 2 7 1 3
0 0 125 2 3 6 4 5 7 0 1
0 0 126 2 3 6 4 5 7 1 0
0 0 147 1 2 0 4 3 5 6 7
0 0 121 6 4 3 1 7 0 5 2
0 0 122 1 0 3 2 4 6 5 7
0 0 69 0 5 4 2 6 7 3 1
0 0 70 2 5 4 1 0 7 3 6
0 0 107 2 6 0 5 3 4 7 1
0 0 62 3 7 4 0 2 6 1 5
0 0 63 3 7 4 5 2 6 1 0
0 0 68 6 2 1 3 0 7 4 5
0 0 65 6 4 5 0 2 7 1 3
0 0 66 6 4 5 3 2 7 1 0
0 0 129 2 3 0 4 5 7 1 6
0 0 148 1 2 4 0 3 5 6 7
0 0 149 1 2 4 7 3 5 6 0
0 0 123 1 3 0 2 4 6 5 7
0 0 72 7 5 4 2 6 0 3 1
0 0 73 2 0 4 1 5 7 3 6
0 0 108 2 6 5 0 3 4 7 1
0 0 109 2 6 5 1 3 4 7 0
0 0 66 3 7 0 5 2 6 1 4
0 0 71 6 0 1 3 2 7 4 5
0 0 68 6 4 5 1 2 7 0 3
0 0 69 6 4 5 1 2 7 3 0
0 0 130 2 3 4 0 5 7 1 6
0 0 131 2 3 4 6 5 7 1 0
0 0 152 1 2 0 7 3 5 6 4
0 0 124 1 3 2 0 4 6 5 7
0 0 125 1 3 2 7 4 6 5 0
0 0 73 7 5 4 2 6 3 0 1
0 0 74 7 5 4 2 6 3 1 0
0 0 111 2 6 5 7 3 4 0 1
0 0 112 2 6 5 7 3 4 1 0
0 0 67 3 7 5 0 2 6 1 4
0 0 68 3 7 5 4 2 6 1 0
0 0 59 0 5 3 1 4 6 7 2
0 0 133 2 3 4 1 5 7 0 6
0 0 134 2 3 4 1 5 7 6 0
0 0 134 2 3 0 6 5 7 1 4
0 0 127 1 3 2 5 4 6 0 7
0 0 128 1 3 2 5 4 6 7 0
0 0 128 1 3 0 7 4 6 5 2
0 0 77 7 5 0 2 6 3 1 4
0 0 100 0 4 3 2 6 5 7 1
0 0 115 2 6 0 7 3 4 1 5
0 0 70 3 7 5 1 2 6 0 4
0 0 71 3 7 5 1 2 6 4 0
0 0 70 3 7 5 4 0 6 1 2
0 0 79 5 0 1 6 2 7 3 4
0 0 137 2 3 0 1 5 7 6 4
0 0 135 2 0 3 6 5 7 1 4
0 0 60 5 3 7 1 4 6 0 2
0 0 61 5 3 7 1 4 6 2 0
0 0 131 1 3 0 5 4 6 7 2
0 0 78 7 5 2 0 6 3 1 4
0 0 79 7 5 2 4 6 3 1 0
0 0 103 5 4 3 2 6 0 7 1
0 0 102 2 4 3 7 6 0 5 1
0 0 74 3 7 0 1 2 6 4 5
0 0 73 3 0 5 4 7 6 1 2
0 0 80 5 1 0 6 2 7 3 4
0 0 138 2 3 1 0 5 7 6 4
0 0 139 2 3 1 4 5 7 6 0
0 0 136 2 7 3 6 5 0 1 4
0 0 64 5 3 0 1 4 6 2 7
0 0 132 1 3 5 0 4 6 7 2
0 0 133 1 3 5 2 4 6 7 0
0 0 80 0 5 2 7 6 3 1 4
0 0 104 5 4 3 2 6 7 0 1
0 0 105 5 4 3 2 6 7 1 0
0 0 103 2 4 3 7 0 6 5 1
0 0 105 2 4 3 7 1 6 5 0
0 0 74 3 5 0 4 7 6 1 2
0 0 140 0 3 1 2 5 7 6 4
0 0 141 2 3 1 4 0 7 6 5
0 0 137 2 7 3 6 5 1 0 4
0 0 138 2 7 3 6 5 1 4 0
0 0 65 5 3 1 0 4 6 2 7
0 0 66 5 3 1 7 4 6 2 0
0 0 136 1 3 0 2 4 6 7 5
0 0 62 7 5 3 0 1 2 4 6
0 0 108 5 4 0 2 6 7 1 3
0 0 17 7 5 2 0 3 1 6 4
0 0 108 2 4 0 7 1 6 5 3
0 0 75 3 5 4 0 7 6 1 2
0 0 76 3 5 4 2 7 6 1 0
0 0 143 7 3 1 2 5 0 6 4
0 0 83 5 2 1 6 7 0 3 4
0 0 141 2 7 0 6 5 1 4 3
0 0 68 5 3 1 2 4 6 0 7
0 0 69 5 3 1 2 4 6 7 0
0 0 69 5 3 0 7 4 6 2 1
0 0 64 0 5 3 7 1 2 4 6
0 0 109 5 4 2 0 6 7 1 3
0 0 110 5 4 2 3 6 7 1 0
0 0 19 0 5 2 7 3 1 6 4
0 0 78 3 5 4 1 7 6 0 2
0 0 79 3 5 4 1 7 6 2 0
0 0 79 3 5 0 2 7 6 1 4
0 0 84 5 2 1 6 7 3 0 4
0 0 85 5 2 1 6 7 3 4 0
0 0 142 2 7 6 0 5 1 4 3
0 0 143 2 7 6 3 5 1 4 0
0 0 72 5 3 0 2 4 6 7 1
0 0 67 2 5 3 7 1 0 4 6
0 0 112 5 4 2 1 6 7 0 3
0 0 113 5 4 2 1 6 7 3 0
0 0 113 5 4 0 3 6 7 1 2
0 0 56 3 2 7 4 6 0 5 1
0 0 82 3 5 0 1 7 6 2 4
0 0 80 3 5 2 0 7 6 1 4
0 0 81 3 5 2 4 7 6 1 0
0 0 77 7 1 6 4 5 2 0 3
0 0 145 2 7 6 4 5 1 0 3
0 0 146 2 7 6 4 5 1 3 0
0 0 146 2 7 0 3 5 1 4 6
0 0 68 2 5 3 7 1 4 0 6
0 0 69 2 5 3 7 1 4 6 0
0 0 74 7 6 1 3 4 0 5 2
0 0 114 5 4 1 3 6 7 0 2
0 0 115 5 4 1 3 6 7 2 0
0 0 57 3 2 7 4 0 6 5 1
0 0 59 3 2 7 4 1 6 5 0
0 0 82 0 5 2 3 7 6 1 4
0 0 78 7 1 6 4 5 0 2 3
0 0 68 7 5 6 3 0 2 4 1
0 0 149 2 7 0 4 5 1 3 6
0 0 147 2 0 7 3 5 1 4 6
0 0 94 1 6 2 5 0 7 3 4
0 0 96 1 6 2 5 4 7 3 0
0 0 72 2 5 0 7 1 4 6 3
0 0 79 7 1 6 3 5 0 2 4
0 0 118 5 4 0 3 6 7 2 1
0 0 60 3 0 7 4 2 6 5 1
0 0 62 3 2 0 4 1 6 5 7
0 0 85 6 5 2 3 7 0 1 4
0 0 79 7 0 6 4 5 1 2 3
0 0 71 7 0 6 3 5 2 4 1
0 0 150 2 7 4 0 5 1 3 6
0 0 151 2 7 4 6 5 1 3 0
0 0 148 0 2 7 3 5 1 4 6
0 0 99 1 6 0 5 4 7 3 2
0 0 73 2 5 7 0 1 4 6 3
0 0 74 2 5 7 3 1 4 6 0
0 0 80 7 1 6 3 0 5 2 4
0 0 82 7 1 6 3 4 5 2 0
0 0 61 3 7 0 4 2 6 5 1
0 0 86 6 5 2 3 7 1 0 4
0 0 87 6 5 2 3 7 1 4 0
0 0 80 0 7 6 4 5 1 2 3
0 0 152 0 7 4 2 5 1 3 6
0 0 153 2 7 4 6 0 1 3 5
0 0 151 1 2 7 3 5 0 4 6
0 0 100 1 6 5 0 4 7 3 2
0 0 101 1 6 5 2 4 7 3 0
0 0 76 2 5 7 6 1 4 0 3
0 0 77 2 5 7 6 1 4 3 0
0 0 83 7 0 6 3 1 5 2 4
0 0 62 3 7 4 0 2 6 5 1
0 0 63 3 7 4 1 2 6 5 0
0 0 66 4 5 0 7 2 6 1 3
0 0 83 1 7 6 4 5 0 2 3
0 0 155 1 7 4 2 5 0 3 6
0 0 156 2 0 4 6 7 1 3 5
0 0 152 1 2 7 3 5 4 0 6
0 0 153 1 2 7 3 5 4 6 0
0 0 103 1 6 5 3 4 7 0 2
0 0 104 1 6 5 3 4 7 2 0
0 0 73 7 0 5 4 1 2 3 6
0 0 84 7 6 0 3 1 5 2 4
0 0 64 0 7 4 3 2 6 5 1
0 0 65 3 7 4 1 0 6 5 2
0 0 67 4 0 5 7 2 6 1 3
0 0 84 1 7 6 4 5 2 0 3
0 0 85 1 7 6 4 5 2 3 0
0 0 156 1 7 4 2 5 3 0 6
0 0 157 1 7 4 2 5 3 6 0
0 0 84 7 1 4 3 5 0 2 6
0 0 84 0 1 4 6 7 2 3 5
0 0 107 1 6 0 3 4 7 2 5
0 0 74 0 7 5 4 1 2 3 6
0 0 85 7 6 3 0 1 5 2 4
0 0 86 7 6 3 4 1 5 2 0
0 0 67 6 7 4 3 2 0 5 1
0 0 68 0 4 5 7 2 6 1 3
0 0 82 0 7 5 1 4 6 3 2
0 0 88 1 7 0 4 5 2 3 6
0 0 65 7 5 0 3 4 6 1 2
0 0 160 1 7 0 2 5 3 6 4
0 0 85 7 1 4 3 0 5 2 6
0 0 87 7 1 4 3 6 5 2 0
0 0 85 1 0 4 6 7 2 3 5
0 0 77 2 7 5 4 1 0 3 6
0 0 88 7 6 3 2 1 5 0 4
0 0 89 7 6 3 2 1 5 4 0
0 0 89 7 6 0 4 1 5 2 3
0 0 71 6 4 5 7 2 0 1 3
0 0 85 6 7 5 1 4 0 3 2
0 0 89 1 7 4 0 5 2 3 6
0 0 90 1 7 4 6 5 2 3 0
0 0 66 7 0 5 3 4 6 1 2
0 0 88 7 0 4 3 1 5 2 6
0 0 90 7 1 0 3 6 5 2 4
0 0 86 1 4 0 6 7 2 3 5
0 0 78 2 7 5 4 1 3 0 6
0 0 79 2 7 5 4 1 3 6 0
0 0 72 4 5 7 1 2 6 0 3
0 0 90 7 6 4 0 1 5 2 3
0 0 91 7 6 4 3 1 5 2 0
0 0 72 6 4 5 7 2 1 0 3
0 0 73 6 4 5 7 2 1 3 0
0 0 92 1 7 4 3 5 2 0 6
0 0 93 1 7 4 3 5 2 6 0
0 0 67 0 7 5 3 4 6 1 2
0 0 91 7 1 3 0 6 5 2 4
0 0 92 7 1 3 4 6 5 2 0
0 0 87 1 4 6 0 7 2 3 5
0 0 88 1 4 6 5 7 2 3 0
0 0 82 2 7 0 4 1 3 6 5
0 0 93 7 6 4 2 1 5 0 3
0 0 94 7 6 4 2 1 5 3 0
0 0 93 7 6 4 3 0 5 2 1
0 0 76 6 4 0 7 2 1 3 5
0 0 88 7 4 3 6 1 2 0 5
0 0 89 7 4 3 6 1 2 5 0
0 0 96 1 7 0 3 5 2 6 4
0 0 94 7 1 3 2 6 5 0 4
0 0 95 7 1 3 2 6 5 4 0
0 0 95 7 1 0 4 6 5 2 3
0 0 91 1 4 0 5 7 2 3 6
0 0 83 2 7 4 0 1 3 6 5
0 0 84 2 7 4 5 1 3 6 0
0 0 72 7 5 3 1 0 6 2 4
0 0 96 7 0 4 3 6 5 2 1
0 0 77 6 4 7 0 2 1 3 5
0 0 78 6 4 7 5 2 1 3 0
0 0 35 7 1 0 5 6 4 3 2
0 0 97 1 7 3 0 5 2 6 4
0 0 98 1 7 3 4 5 2 6 0
0 0 28 2 0 4 5 3 6 7 1
0 0 96 7 0 1 4 6 5 2 3
0 0 92 1 4 5 0 7 2 3 6
0 0 93 1 4 5 6 7 2 3 0
0 0 86 2 7 4 6 1 3 0 5
0 0 87 2 7 4 6 1 3 5 0
0 0 75 7 0 3 1 5 6 2 4
0 0 80 6 4 7 3 2 1 0 5
0 0 81 6 4 7 3 2 1 5 0
0 0 81 6 4 0 5 2 1 3 7
0 0 100 1 7 3 6 5 2 0 4
0 0 101 1 7 3 6 5 2 4 0
0 0 100 1 7 3 4 0 2 6 5
0 0 97 0 7 1 4 6 5 2 3
0 0 95 1 4 5 3 7 2 0 6
0 0 96 1 4 5 3 7 2 6 0
0 0 95 1 4 5 6 0 2 3 7
0 0 90 2 7 0 6 1 3 5 4
0 0 76 7 3 0 1 5 6 2 4
0 0 36 0 3 5 4 1 7 2 6
0 0 84 6 4 0 3 2 1 5 7
0 0 82 6 0 4 5 2 1 3 7
0 0 39 7 1 2 5 6 4 0 3
0 0 40 7 1 2 5 6 4 3 0
0 0 104 1 7 0 6 5 2 4 3
0 0 100 5 7 1 4 6 0 2 3
0 0 43 1 6 3 7 5 0 4 2
0 0 99 1 4 0 3 7 2 6 5
0 0 98 1 0 5 6 4 2 3 7
0 0 91 2 7 6 0 1 3 5 4
0 0 92 2 7 6 4 1 3 5 0
0 0 77 7 3 1 0 5 6 2 4
0 0 78 7 3 1 4 5 6 2 0
0 0 85 6 4 3 0 2 1 5 7
0 0 86 6 4 3 7 2 1 5 0
0 0 54 1 0 4 7 5 2 3 6
0 0 105 1 7 6 0 5 2 4 3
0 0 106 1 7 6 3 5 2 4 0
0 0 101 5 7 1 4 6 2 0 3
0 0 102 5 7 1 4 6 2 3 0
0 0 100 1 4 3 0 7 2 6 5
0 0 101 1 4 3 5 7 2 6 0
0 0 94 2 7 6 5 1 3 0 4
0 0 95 2 7 6 5 1 3 4 0
0 0 79 0 3 1 7 5 6 2 4
0 0 87 0 4 3 6 2 1 5 7
0 0 88 6 4 3 7 0 1 5 2
0 0 55 1 4 0 7 5 2 3 6
0 0 107 0 7 6 1 5 2 4 3
0 0 108 1 7 6 3 0 2 4 5
0 0 42 7 1 5 3 0 4 2 6
0 0 105 5 7 0 4 6 2 3 1
0 0 102 0 4 3 1 7 2 6 5
0 0 104 1 4 0 5 7 2 6 3
0 0 34 6 2 4 5 0 7 1 3
0 0 98 2 7 0 5 1 3 4 6
0 0 82 6 3 1 7 5 0 2 4
0 0 90 1 4 3 6 2 0 5 7
0 0 91 6 0 3 7 4 1 5 2
0 0 56 1 4 7 0 5 2 3 6
0 0 57 1 4 7 6 5 2 3 0
0 0 110 2 7 6 1 5 0 4 3
0 0 45 7 0 5 3 1 4 2 6
0 0 106 5 7 4 0 6 2 3 1
0 0 107 5 7 4 1 6 2 3 0
0 0 105 2 4 3 1 7 0 6 5
0 0 35 6 2 4 5 7 0 1 3
0 0 99 2 7 5 0 1 3 4 6
0 0 100 2 7 5 6 1 3 4 0
0 0 83 6 3 1 7 5 2 0 4
0 0 84 6 3 1 7 5 2 4 0
0 0 92 6 3 0 7 4 1 5 2
0 0 60 1 4 0 6 5 2 3 7
0 0 111 2 7 6 1 5 4 0 3
0 0 112 2 7 6 1 5 4 3 0
0 0 46 0 7 5 3 1 4 2 6
0 0 110 5 7 0 1 6 2 3 4
0 0 106 2 4 3 1 0 7 6 5
0 0 108 2 4 3 1 5 7 6 0
0 0 36 6 2 4 5 7 1 0 3
0 0 37 6 2 4 5 7 1 3 0
0 0 102 2 7 5 6 0 3 4 1
0 0 87 6 3 0 7 5 2 4 1
0 0 93 6 3 7 0 4 1 5 2
0 0 94 6 3 7 2 4 1 5 0
0 0 61 1 4 6 0 5 2 3 7
0 0 62 1 4 6 7 5 2 3 0
0 0 115 2 7 0 1 5 4 3 6
0 0 111 5 0 7 1 6 2 3 4
0 0 109 2 0 3 1 4 7 6 5
0 0 111 2 4 0 1 5 7 6 3
0 0 58 0 1 4 7 2 5 3 6
0 0 40 6 2 0 5 7 1 3 4
0 0 105 2 0 5 6 7 3 4 1
0 0 88 6 3 7 0 5 2 4 1
0 0 89 6 3 7 1 5 2 4 0
0 0 96 6 3 7 5 4 1 0 2
0 0 97 6 3 7 5 4 1 2 0
0 0 64 1 4 6 3 5 2 0 7
0 0 65 1 4 6 3 5 2 7 0
0 0 116 2 7 1 0 5 4 3 6
0 0 117 2 7 1 6 5 4 3 0
0 0 110 2 3 0 1 4 7 6 5
0 0 61 5 1 4 7 2 0 3 6
0 0 41 6 2 5 0 7 1 3 4
0 0 42 6 2 5 4 7 1 3 0
0 0 106 2 5 0 6 7 3 4 1
0 0 92 6 3 0 1 5 2 4 7
0 0 62 1 2 7 4 6 5 0 3
0 0 100 6 3 0 5 4 1 2 7
0 0 98 1 0 2 5 7 3 6 4
0 0 68 1 4 0 3 5 2 7 6
0 0 119 2 7 1 3 5 4 0 6
0 0 120 2 7 1 3 5 4 6 0
0 0 120 2 7 0 6 5 4 3 1
0 0 62 5 1 4 7 2 3 0 6
0 0 63 5 1 4 7 2 3 6 0
0 0 44 6 2 5 3 7 1 0 4
0 0 45 6 2 5 3 7 1 4 0
0 0 107 2 5 6 0 7 3 4 1
0 0 108 2 5 6 1 7 3 4 0
0 0 93 6 0 3 1 5 2 4 7
0 0 101 6 3 5 0 4 1 2 7
0 0 102 6 3 5 7 4 1 2 0
0 0 69 1 4 3 0 5 2 7 6
0 0 70 1 4 3 6 5 2 7 0
0 0 101 4 7 5 6 0 2 3 1
0 0 103 4 7 5 6 1 2 3 0
0 0 121 2 0 7 6 5 4 3 1
0 0 66 5 1 0 7 2 3 6 4
0 0 48 6 2 0 3 7 1 4 5
0 0 110 2 5 6 4 7 3 0 1
0 0 111 2 5 6 4 7 3 1 0
0 0 111 2 5 0 1 7 3 4 6
0 0 94 0 6 3 1 5 2 4 7
0 0 105 6 3 0 7 4 1 2 5
0 0 71 0 4 3 1 5 2 7 6
0 0 73 1 4 0 6 5 2 7 3
0 0 104 4 0 5 6 7 2 3 1
0 0 106 4 7 0 6 1 2 3 5
0 0 122 0 2 7 6 5 4 3 1
0 0 67 5 1 7 0 2 3 6 4
0 0 68 5 1 7 4 2 3 6 0
0 0 49 6 2 3 0 7 1 4 5
0 0 50 6 2 3 5 7 1 4 0
0 0 44 6 0 2 1 3 7 4 5
0 0 112 2 5 1 0 7 3 4 6
0 0 113 2 5 1 6 7 3 4 0
0 0 106 6 0 3 7 4 1 2 5
0 0 72 4 0 3 1 5 2 7 6
0 0 105 4 5 0 6 7 2 3 1
0 0 107 4 7 6 0 1 2 3 5
0 0 108 4 7 6 5 1 2 3 0
0 0 125 4 2 7 6 5 0 3 1
0 0 70 5 1 7 6 2 3 0 4
0 0 71 5 1 7 6 2 3 4 0
0 0 52 6 2 3 4 7 1 0 5
0 0 53 6 2 3 4 7 1 5 0
0 0 52 6 2 3 5 0 1 4 7
0 0 115 2 5 1 4 7 3 0 6
0 0 116 2 5 1 4 7 3 6 0
0 0 107 0 6 3 7 4 1 2 5
0 0 73 4 3 0 1 5 2 7 6
0 0 110 4 7 6 3 1 2 0 5
0 0 111 4 7 6 3 1 2 5 0
0 0 111 4 7 0 5 1 2 3 6
0 0 126 4 2 7 6 5 3 0 1
0 0 127 4 2 7 6 5 3 1 0
0 0 74 5 1 0 6 2 3 4 7
0 0 34 7 0 2 5 3 4 6 1
0 0 55 6 0 3 5 2 1 4 7
0 0 43 3 6 2 4 0 7 1 5
0 0 45 3 6 2 4 5 7 1 0
0 0 118 2 5 1 4 0 3 6 7
0 0 109 7 6 3 0 4 1 2 5
0 0 110 7 6 3 5 4 1 2 0
0 0 107 7 2 4 5 1 0 6 3
0 0 114 4 7 0 3 1 2 5 6
0 0 35 7 2 1 6 3 0 4 5
0 0 130 4 2 0 6 5 3 1 7
0 0 75 5 1 6 0 2 3 4 7
0 0 76 5 1 6 7 2 3 4 0
0 0 35 0 7 2 5 3 4 6 1
0 0 56 6 3 0 5 2 1 4 7
0 0 48 3 6 0 4 5 7 1 2
0 0 121 2 0 1 4 5 3 6 7
0 0 112 7 6 3 2 4 1 0 5
0 0 113 7 6 3 2 4 1 5 0
0 0 113 7 6 0 5 4 1 2 3
0 0 108 7 2 4 5 1 6 0 3
0 0 109 7 2 4 5 1 6 3 0
0 0 36 7 2 1 6 0 3 4 5
0 0 38 7 2 1 6 5 3 4 0
0 0 131 4 2 6 0 5 3 1 7
0 0 132 4 2 6 7 5 3 1 0
0 0 78 5 1 6 7 0 3 4 2
0 0 57 6 3 5 0 2 1 4 7
0 0 58 6 3 5 7 2 1 4 0
0 0 122 2 1 0 4 5 3 6 7
0 0 109 5 7 4 0 1 2 6 3
0 0 110 5 7 4 3 1 2 6 0
0 0 114 7 6 5 0 4 1 2 3
0 0 115 7 6 5 3 4 1 2 0
0 0 39 7 2 5 6 3 4 0 1
0 0 40 7 2 5 6 3 4 1 0
0 0 39 7 0 1 6 2 3 4 5
0 0 134 4 2 6 1 5 3 0 7
0 0 135 4 2 6 1 5 3 7 0
0 0 81 5 0 6 7 1 3 4 2
0 0 60 6 3 5 4 2 1 0 7
0 0 61 6 3 5 4 2 1 7 0
0 0 123 2 1 4 0 5 3 6 7
0 0 124 2 1 4 7 5 3 6 0
0 0 112 5 7 4 6 1 2 0 3
0 0 113 5 7 4 6 1 2 3 0
0 0 117 7 6 5 2 4 1 0 3
0 0 118 7 6 5 2 4 1 3 0
0 0 56 0 7 3 4 6 2 5 1
0 0 40 7 1 0 6 2 3 4 5
0 0 138 4 2 0 1 5 3 7 6
0 0 82 0 5 6 7 1 3 4 2
0 0 111 2 7 4 5 0 1 6 3
0 0 113 2 7 4 5 3 1 6 0
0 0 64 6 3 0 4 2 1 7 5
0 0 126 2 1 4 6 5 3 0 7
0 0 127 2 1 4 6 5 3 7 0
0 0 74 1 5 2 7 6 0 4 3
0 0 116 5 7 0 6 1 2 3 4
0 0 120 7 6 5 2 0 1 3 4
0 0 57 6 7 3 4 0 2 5 1
0 0 59 6 7 3 4 1 2 5 0
0 0 41 7 1 6 0 2 3 4 5
0 0 42 7 1 6 5 2 3 4 0
0 0 139 4 2 1 0 5 3 7 6
0 0 140 4 2 1 6 5 3 7 0
0 0 114 2 0 4 5 7 1 6 3
0 0 65 6 3 4 0 2 1 7 5
0 0 66 6 3 4 5 2 1 7 0
0 0 130 2 1 0 6 5 3 7 4
0 0 75 1 5 2 7 6 4 0 3
0 0 76 1 5 2 7 6 4 3 0
0 0 123 7 0 5 2 6 1 3 4
0 0 60 6 0 3 4 7 2 5 1
0 0 44 7 1 6 4 2 3 0 5
0 0 45 7 1 6 4 2 3 5 0
0 0 45 7 1 0 5 2 3 4 6
0 0 142 4 2 1 7 5 3 0 6
0 0 143 4 2 1 7 5 3 6 0
0 0 115 2 4 0 5 7 1 6 3
0 0 68 6 3 4 7 2 1 0 5
0 0 69 6 3 4 7 2 1 5 0
0 0 131 2 1 6 0 5 3 7 4
0 0 132 2 1 6 4 5 3 7 0
0 0 47 7 1 3 5 0 6 2 4
0 0 49 7 1 3 5 4 6 2 0
0 0 124 7 5 0 2 6 1 3 4
0 0 76 1 7 6 3 2 5 0 4
0 0 77 1 7 6 3 2 5 4 0
0 0 46 7 1 5 0 2 3 4 6
0 0 47 7 1 5 6 2 3 4 0
0 0 112 3 6 1 2 7 0 4 5
0 0 116 2 4 5 0 7 1 6 3
0 0 117 2 4 5 3 7 1 6 0
0 0 72 6 3 0 7 2 1 5 4
0 0 134 2 1 6 7 5 3 0 4
0 0 135 2 1 6 7 5 3 4 0
0 0 50 7 0 3 5 1 6 2 4
0 0 52 7 1 0 5 4 6 2 3
0 0 45 4 0 6 7 3 2 5 1
0 0 79 1 7 6 3 0 5 4 2
0 0 49 7 1 5 4 2 3 0 6
0 0 50 7 1 5 4 2 3 6 0
0 0 49 7 1 5 6 0 3 4 2
0 0 113 3 6 1 2 7 4 0 5
0 0 114 3 6 1 2 7 4 5 0
0 0 120 2 4 0 3 7 1 6 5
0 0 73 6 3 7 0 2 1 5 4
0 0 74 6 3 7 4 2 1 5 0
0 0 138 2 1 0 7 5 3 4 6
0 0 51 7 3 0 5 1 6 2 4
0 0 46 4 6 0 7 3 2 5 1
0 0 82 1 0 6 3 7 5 4 2
0 0 108 1 4 2 5 6 3 0 7
0 0 109 1 4 2 5 6 3 7 0
0 0 52 7 1 5 4 0 3 6 2
0 0 52 7 0 5 6 1 3 4 2
0 0 117 3 6 0 2 7 4 5 1
0 0 121 2 4 3 0 7 1 6 5
0 0 122 2 4 3 5 7 1 6 0
0 0 76 6 3 7 5 2 1 0 4
0 0 77 6 3 7 5 2 1 4 0
0 0 76 6 3 7 4 0 1 5 2
0 0 139 2 1 7 0 5 3 4 6
0 0 140 2 1 7 6 5 3 4 0
0 0 47 4 6 7 0 3 2 5 1
0 0 48 4 6 7 1 3 2 5 0
0 0 118 0 7 5 2 1 6 3 4
0 0 112 1 4 0 5 6 3 7 2
0 0 53 7 5 0 6 1 3 4 2
0 0 124 2 4 3 6 7 1 0 5
0 0 125 2 4 3 6 7 1 5 0
0 0 124 2 4 3 5 0 1 6 7
0 0 108 3 6 1 4 5 2 0 7
0 0 79 6 3 7 5 0 1 4 2
0 0 142 2 1 7 4 5 3 0 6
0 0 143 2 1 7 4 5 3 6 0
0 0 142 2 1 7 6 0 3 4 5
0 0 50 4 6 7 5 3 2 0 1
0 0 51 4 6 7 5 3 2 1 0
0 0 51 4 6 0 1 3 2 5 7
0 0 113 1 4 5 0 6 3 7 2
0 0 114 1 4 5 2 6 3 7 0
0 0 54 7 5 4 6 1 3 0 2
0 0 55 7 5 4 6 1 3 2 0
0 0 128 2 4 0 6 7 1 5 3
0 0 127 2 0 3 5 4 1 6 7
0 0 82 6 0 7 5 3 1 4 2
0 0 145 2 1 7 4 0 3 6 5
0 0 145 2 0 7 6 1 3 4 5
0 0 36 6 7 5 0 3 1 4 2
0 0 54 4 6 0 5 3 2 1 7
0 0 52 4 6 1 0 3 2 5 7
0 0 53 4 6 1 7 3 2 5 0
0 0 116 1 4 5 7 6 3 0 2
0 0 117 1 4 5 7 6 3 2 0
0 0 117 1 4 0 2 6 3 7 5
0 0 120 2 7 5 3 1 0 6 4
0 0 129 2 4 6 0 7 1 5 3
0 0 130 2 4 6 3 7 1 5 0
0 0 83 6 7 0 5 3 1 4 2
0 0 146 2 1 7 4 3 0 6 5
0 0 146 0 2 7 6 1 3 4 5
0 0 55 4 6 5 0 3 2 1 7
0 0 56 4 6 5 7 3 2 1 0
0 0 54 0 6 1 4 3 2 5 7
0 0 55 4 6 1 7 0 2 5 3
0 0 117 6 3 0 2 7 4 1 5
0 0 118 1 0 4 2 6 3 7 5
0 0 121 2 7 5 3 0 1 6 4
0 0 123 2 7 5 3 4 1 6 0
0 0 131 0 4 6 2 7 1 5 3
0 0 133 2 4 0 3 7 1 5 6
0 0 84 6 7 4 5 3 1 0 2
0 0 85 6 7 4 5 3 1 2 0
0 0 149 3 2 7 6 1 0 4 5
0 0 57 0 6 5 4 3 2 1 7
0 0 59 4 6 0 7 3 2 1 5
0 0 58 4 0 1 7 6 2 5 3
0 0 118 6 3 2 0 7 4 1 5
0 0 119 6 3 2 5 7 4 1 0
0 0 119 0 1 4 2 6 3 7 5
0 0 124 2 0 5 3 7 1 6 4
0 0 126 2 7 0 3 4 1 6 5
0 0 134 2 0 4 3 7 1 5 6
0 0 124 2 0 7 3 1 6 4 5
0 0 87 6 7 4 5 0 1 2 3
0 0 150 3 2 7 6 1 4 0 5
0 0 151 3 2 7 6 1 4 5 0
0 0 60 2 6 5 4 3 0 1 7
0 0 60 4 0 6 7 3 2 1 5
0 0 59 4 1 0 7 6 2 5 3
0 0 122 6 3 0 5 7 4 1 2
0 0 122 3 1 4 2 6 0 7 5
0 0 125 2 5 0 3 7 1 6 4
0 0 127 2 7 3 0 4 1 6 5
0 0 128 2 7 3 5 4 1 6 0
0 0 135 0 2 4 3 7 1 5 6
0 0 125 0 2 7 3 1 6 4 5
0 0 90 6 0 4 5 7 1 2 3
0 0 154 3 2 0 6 1 4 5 7
0 0 61 2 6 5 4 3 1 0 7
0 0 62 2 6 5 4 3 1 7 0
0 0 61 0 4 6 7 3 2 1 5
0 0 60 4 1 7 0 6 2 5 3
0 0 61 4 1 7 3 6 2 5 0
0 0 123 6 3 5 0 7 4 1 2
0 0 124 6 3 5 2 7 4 1 0
0 0 126 2 5 3 0 7 1 6 4
0 0 127 2 5 3 4 7 1 6 0
0 0 130 2 7 3 6 4 1 0 5
0 0 131 2 7 3 6 4 1 5 0
0 0 131 2 7 0 5 4 1 6 3
0 0 128 6 2 7 3 1 0 4 5
0 0 155 3 2 6 0 1 4 5 7
0 0 156 3 2 6 7 1 4 5 0
0 0 65 2 6 0 4 3 1 7 5
0 0 63 4 1 7 5 6 2 0 3
0 0 64 4 1 7 5 6 2 3 0
0 0 64 4 1 0 3 6 2 5 7
0 0 126 6 3 5 1 7 4 0 2
0 0 127 6 3 5 1 7 4 2 0
0 0 129 2 5 3 6 7 1 0 4
0 0 130 2 5 3 6 7 1 4 0
0 0 130 2 5 0 4 7 1 6 3
0 0 134 2 7 0 6 4 1 5 3
0 0 132 2 0 7 5 4 1 6 3
0 0 158 3 2 6 5 1 4 0 7
0 0 159 3 2 6 5 1 4 7 0
0 0 66 2 6 4 0 3 1 7 5
0 0 67 2 6 4 5 3 1 7 0
0 0 112 3 0 1 6 2 7 4 5
0 0 67 4 1 0 5 6 2 3 7
0 0 65 4 1 3 0 6 2 5 7
0 0 66 4 1 3 7 6 2 5 0
0 0 130 6 3 0 1 7 4 2 5
0 0 133 2 5 0 6 7 1 4 3
0 0 131 2 5 4 0 7 1 6 3
0 0 132 2 5 4 3 7 1 6 0
0 0 135 2 7 6 0 4 1 5 3
0 0 136 2 7 6 3 4 1 5 0
0 0 38 7 6 1 5 3 0 4 2
0 0 162 3 2 0 5 1 4 7 6
0 0 69 2 6 4 7 3 1 0 5
0 0 70 2 6 4 7 3 1 5 0
0 0 113 0 3 1 6 2 7 4 5
0 0 67 0 1 3 4 6 2 5 7
0 0 68 4 1 3 7 0 2 5 6
0 0 131 6 3 1 0 7 4 2 5
0 0 132 6 3 1 5 7 4 2 0
0 0 134 2 5 6 0 7 1 4 3
0 0 135 2 5 6 3 7 1 4 0
0 0 134 2 5 4 3 0 1 6 7
0 0 137 0 7 6 2 4 1 5 3
0 0 139 2 7 0 3 4 1 5 6
0 0 39 7 6 1 5 0 3 4 2
0 0 41 7 6 1 5 2 3 4 0
0 0 43 7 3 2 5 4 0 1 6
0 0 115 6 3 1 0 2 7 4 5
0 0 116 6 3 1 5 2 7 4 0
0 0 70 2 1 3 4 6 0 5 7
0 0 69 4 1 3 7 2 0 5 6
0 0 133 0 3 1 6 7 4 2 5
0 0 136 0 5 6 2 7 1 4 3
0 0 138 2 5 0 3 7 1 4 6
0 0 140 1 7 6 2 4 0 5 3
0 0 140 2 0 7 3 4 1 5 6
0 0 42 7 0 1 5 6 3 4 2
0 0 44 7 6 0 5 2 3 4 1
0 0 44 7 3 2 5 4 1 0 6
0 0 45 7 3 2 5 4 1 6 0
0 0 118 6 3 1 4 2 7 0 5
0 0 119 6 3 1 4 2 7 5 0
0 0 119 6 3 0 5 2 7 4 1
0 0 71 2 1 3 4 0 6 5 7
0 0 73 2 1 3 4 7 6 5 0
0 0 70 4 1 3 7 2 5 0 6
0 0 71 4 1 3 7 2 5 6 0
0 0 136 4 3 1 6 7 0 2 5
0 0 139 1 5 6 2 7 0 4 3
0 0 141 1 7 6 2 4 5 0 3
0 0 142 1 7 6 2 4 5 3 0
0 0 43 7 1 0 5 6 3 4 2
0 0 45 7 6 5 0 2 3 4 1
0 0 46 7 6 5 1 2 3 4 0
0 0 48 7 3 0 5 4 1 6 2
0 0 116 3 1 0 4 2 7 6 5
0 0 120 6 3 5 0 2 7 4 1
0 0 121 6 3 5 1 2 7 4 0
0 0 76 2 1 0 4 7 6 5 3
0 0 74 4 1 0 7 2 5 6 3
0 0 137 4 3 1 6 7 2 0 5
0 0 138 4 3 1 6 7 2 5 0
0 0 145 1 7 0 2 4 5 3 6
0 0 44 7 1 5 0 6 3 4 2
0 0 45 7 1 5 2 6 3 4 0
0 0 49 7 6 0 1 2 3 4 5
0 0 49 7 0 3 5 4 1 6 2
0 0 49 7 3 5 0 4 1 6 2
0 0 50 7 3 5 2 4 1 6 0
0 0 123 6 3 5 4 2 7 0 1
0 0 124 6 3 5 4 2 7 1 0
0 0 77 2 1 4 0 7 6 5 3
0 0 78 2 1 4 3 7 6 5 0
0 0 79 2 4 5 1 7 6 0 3
0 0 80 2 4 5 1 7 6 3 0
0 0 146 1 7 2 0 4 5 3 6
0 0 147 1 7 2 6 4 5 3 0
0 0 48 7 1 0 2 6 3 4 5
0 0 50 7 0 6 1 2 3 4 5
0 0 50 0 7 3 5 4 1 6 2
0 0 52 7 3 5 6 4 1 0 2
0 0 53 7 3 5 6 4 1 2 0
0 0 120 3 1 4 5 0 7 6 2
0 0 126 6 3 5 4 0 7 1 2
0 0 80 2 1 4 5 7 6 0 3
0 0 81 2 1 4 5 7 6 3 0
0 0 45 7 4 3 0 6 5 2 1
0 0 83 2 4 0 1 7 6 3 5
0 0 149 1 7 2 3 4 5 0 6
0 0 150 1 7 2 3 4 5 6 0
0 0 49 7 1 2 0 6 3 4 5
0 0 50 7 1 2 5 6 3 4 0
0 0 53 1 7 3 5 4 0 6 2
0 0 116 4 2 6 0 3 7 5 1
0 0 117 4 2 6 1 3 7 5 0
0 0 123 3 0 4 5 1 7 6 2
0 0 129 6 0 5 4 3 7 1 2
0 0 81 0 4 1 2 7 6 5 3
0 0 84 2 1 0 5 7 6 3 4
0 0 47 0 4 3 7 6 5 2 1
0 0 84 2 4 1 0 7 6 3 5
0 0 85 2 4 1 5 7 6 3 0
0 0 153 1 7 0 3 4 5 6 2
0 0 52 7 1 2 4 6 3 0 5
0 0 53 7 1 2 4 6 3 5 0
0 0 54 1 7 3 5 4 6 0 2
0 0 55 1 7 3 5 4 6 2 0
0 0 120 4 2 0 1 3 7 5 6
0 0 124 3 4 0 5 1 7 6 2
0 0 130 6 5 0 4 3 7 1 2
0 0 84 6 4 1 2 7 0 5 3
0 0 85 2 1 5 0 7 6 3 4
0 0 86 2 1 5 4 7 6 3 0
0 0 86 0 4 1 2 7 6 3 5
0 0 88 2 4 0 5 7 6 3 1
0 0 154 1 7 3 0 4 5 6 2
0 0 155 1 7 3 2 4 5 6 0
0 0 56 7 1 0 4 6 3 5 2
0 0 80 0 3 1 2 4 6 5 7
0 0 58 1 7 0 5 4 6 2 3
0 0 121 4 2 1 0 3 7 5 6
0 0 122 4 2 1 6 3 7 5 0
0 0 131 6 5 4 0 3 7 1 2
0 0 132 6 5 4 2 3 7 1 0
0 0 88 2 1 5 3 7 6 0 4
0 0 89 2 1 5 3 7 6 4 0
0 0 89 6 4 1 2 7 0 3 5
0 0 89 2 0 4 5 7 6 3 1
0 0 157 1 7 3 6 4 5 0 2
0 0 158 1 7 3 6 4 5 2 0
0 0 57 7 1 4 0 6 3 5 2
0 0 58 7 1 4 2 6 3 5 0
0 0 59 1 7 5 0 4 6 2 3
0 0 60 1 7 5 3 4 6 2 0
0 0 124 4 2 1 6 0 7 5 3
0 0 134 6 5 4 1 3 7 0 2
0 0 135 6 5 4 1 3 7 2 0
0 0 119 7 2 0 4 3 5 6 1
0 0 92 2 1 0 3 7 6 4 5
0 0 90 6 4 1 2 7 3 0 5
0 0 91 6 4 1 2 7 3 5 0
0 0 83 2 3 5 7 4 6 0 1
0 0 84 2 3 5 7 4 6 1 0
0 0 59 0 1 4 7 6 3 5 2
0 0 61 7 1 0 2 6 3 5 4
0 0 62 1 7 5 2 4 6 0 3
0 0 63 1 7 5 2 4 6 3 0
0 0 127 4 0 1 6 2 7 5 3
0 0 126 3 7 1 6 2 0 5 4
0 0 138 6 5 0 1 3 7 2 4
0 0 120 7 2 4 0 3 5 6 1
0 0 121 7 2 4 1 3 5 6 0
0 0 126 0 1 5 4 3 7 6 2
0 0 94 6 4 0 2 7 3 5 1
0 0 52 7 4 1 2 6 0 5 3
0 0 87 2 3 0 7 4 6 1 5
0 0 62 3 1 4 7 6 0 5 2
0 0 62 7 0 1 2 6 3 5 4
0 0 52 0 5 1 7 6 4 2 3
0 0 66 1 7 0 2 4 6 3 5
0 0 128 4 1 0 6 2 7 5 3
0 0 127 3 7 1 6 2 5 0 4
0 0 128 3 7 1 6 2 5 4 0
0 0 122 0 2 4 7 3 5 6 1
0 0 124 7 2 0 1 3 5 6 4
0 0 127 1 0 5 4 3 7 6 2
0 0 95 6 4 2 0 7 3 5 1
0 0 96 6 4 2 1 7 3 5 0
0 0 88 2 3 7 0 4 6 1 5
0 0 89 2 3 7 5 4 6 1 0
0 0 63 0 7 1 2 6 3 5 4
0 0 55 4 5 1 7 6 0 2 3
0 0 67 1 7 2 0 4 6 3 5
0 0 68 1 7 2 5 4 6 3 0
0 0 127 7 1 0 3 2 5 4 6
0 0 131 3 7 0 6 2 5 4 1
0 0 123 2 0 4 7 3 5 6 1
0 0 125 7 2 1 0 3 5 6 4
0 0 126 7 2 1 4 3 5 6 0
0 0 98 6 4 2 5 7 3 0 1
0 0 99 6 4 2 5 7 3 1 0
0 0 90 0 3 7 2 4 6 1 5
0 0 92 2 3 0 5 4 6 1 7
0 0 66 3 7 1 2 6 0 5 4
0 0 56 4 5 1 7 6 2 0 3
0 0 57 4 5 1 7 6 2 3 0
0 0 70 1 7 2 5 0 6 3 4
0 0 128 7 0 1 3 2 5 4 6
0 0 132 3 7 6 0 2 5 4 1
0 0 133 3 7 6 1 2 5 4 0
0 0 127 0 2 1 7 3 5 6 4
0 0 128 7 2 1 4 0 5 6 3
0 0 55 7 5 1 0 6 4 3 2
0 0 102 6 4 0 5 7 3 1 2
0 0 93 6 3 7 2 4 0 1 5
0 0 93 2 0 3 5 4 6 1 7
0 0 67 3 7 1 2 6 5 0 4
0 0 68 3 7 1 2 6 5 4 0
0 0 60 4 5 0 7 6 2 3 1
0 0 71 1 7 2 5 6 0 3 4
0 0 129 0 7 1 3 2 5 4 6
0 0 135 3 7 6 4 2 5 0 1
0 0 136 3 7 6 4 2 5 1 0
0 0 130 5 2 1 7 3 0 6 4
0 0 131 7 0 1 4 2 5 6 3
0 0 57 0 5 1 7 6 4 3 2
0 0 103 6 4 5 0 7 3 1 2
0 0 104 6 4 5 2 7 3 1 0
0 0 94 0 2 3 5 4 6 1 7
0 0 131 7 1 5 3 0 6 4 2
0 0 71 3 7 0 2 6 5 4 1
0 0 61 4 5 7 0 6 2 3 1
0 0 62 4 5 7 1 6 2 3 0
0 0 132 5 7 1 3 2 0 4 6
0 0 49 1 0 6 7 2 5 4 3
0 0 139 3 7 0 4 2 5 1 6
0 0 131 5 2 1 7 0 3 6 4
0 0 133 5 2 1 7 4 3 6 0
0 0 60 4 5 1 7 6 0 3 2
0 0 106 6 4 5 1 7 3 0 2
0 0 107 6 4 5 1 7 3 2 0
0 0 97 6 2 3 5 4 0 1 7
0 0 134 7 0 5 3 1 6 4 2
0 0 72 3 7 2 0 6 5 4 1
0 0 73 3 7 2 1 6 5 4 0
0 0 65 4 5 0 1 6 2 3 7
0 0 133 5 7 1 3 2 4 0 6
0 0 134 5 7 1 3 2 4 6 0
0 0 140 3 7 4 0 2 5 1 6
0 0 141 3 7 4 6 2 5 1 0
0 0 136 5 2 0 7 4 3 6 1
0 0 61 4 5 1 7 6 3 0 2
0 0 62 4 5 1 7 6 3 2 0
0 0 110 6 4 0 1 7 3 2 5
0 0 98 6 2 3 5 4 1 0 7
0 0 99 6 2 3 5 4 1 7 0
0 0 75 3 7 2 4 6 5 0 1
0 0 76 3 7 2 4 6 5 1 0
0 0 66 4 5 3 1 6 2 0 7
0 0 67 4 5 3 1 6 2 7 0
0 0 137 5 7 0 3 2 4 6 1
0 0 143 3 7 4 1 2 5 0 6
0 0 144 3 7 4 1 2 5 6 0
0 0 137 5 2 7 0 4 3 6 1
0 0 138 5 2 7 1 4 3 6 0
0 0 65 4 5 0 7 6 3 2 1
0 0 111 6 4 1 0 7 3 2 5
0 0 112 6 4 1 5 7 3 2 0
0 0 102 6 2 0 5 4 1 7 3
0 0 91 2 7 5 1 3 6 0 4
0 0 92 2 7 5 1 3 6 4 0
0 0 53 1 2 7 5 0 4 3 6
0 0 55 1 2 7 5 6 4 3 0
0 0 138 5 7 3 0 2 4 6 1
0 0 139 5 7 3 1 2 4 6 0
0 0 147 3 7 0 1 2 5 6 4
0 0 140 5 2 7 6 4 3 0 1
0 0 141 5 2 7 6 4 3 1 0
0 0 66 4 5 7 0 6 3 2 1
0 0 67 4 5 7 1 6 3 2 0
0 0 114 6 4 1 5 0 3 2 7
0 0 103 6 2 5 0 4 1 7 3
0 0 104 6 2 5 3 4 1 7 0
0 0 95 2 7 0 1 3 6 4 5
0 0 56 1 0 7 5 2 4 3 6
0 0 58 1 2 0 5 6 4 3 7
0 0 141 5 7 3 6 2 4 0 1
0 0 142 5 7 3 6 2 4 1 0
0 0 148 3 7 1 0 2 5 6 4
0 0 149 3 7 1 4 2 5 6 0
0 0 144 5 2 0 6 4 3 1 7
0 0 69 4 5 7 2 6 3 0 1
0 0 70 4 5 7 2 6 3 1 0
0 0 117 6 0 1 5 4 3 2 7
0 0 106 6 2 5 7 4 1 0 3
0 0 107 6 2 5 7 4 1 3 0
0 0 96 2 0 7 1 3 6 4 5
0 0 57 1 7 0 5 2 4 3 6
0 0 59 1 2 5 0 6 4 3 7
0 0 60 1 2 5 7 6 4 3 0
0 0 145 5 7 0 6 2 4 1 3
0 0 150 0 7 1 3 2 5 6 4
0 0 151 3 7 1 4 0 5 6 2
0 0 145 5 2 6 0 4 3 1 7
0 0 146 5 2 6 7 4 3 1 0
0 0 73 4 5 0 2 6 3 1 7
0 0 118 6 1 0 5 4 3 2 7
0 0 139 7 1 3 4 0 6 5 2
0 0 110 6 2 0 7 4 1 3 5
0 0 97 0 2 7 1 3 6 4 5
0 0 58 1 7 5 0 2 4 3 6
0 0 59 1 7 5 6 2 4 3 0
0 0 63 1 2 0 7 6 4 3 5
0 0 146 5 7 6 0 2 4 1 3
0 0 147 5 7 6 3 2 4 1 0
0 0 154 3 0 1 4 7 5 6 2
0 0 148 5 2 6 1 4 3 0 7
0 0 149 5 2 6 1 4 3 7 0
0 0 74 4 5 2 0 6 3 1 7
0 0 75 4 5 2 7 6 3 1 0
0 0 142 7 0 3 4 1 6 5 2
0 0 111 6 2 7 0 4 1 3 5
0 0 112 6 2 7 5 4 1 3 0
0 0 61 1 7 5 3 2 4 0 6
0 0 62 1 7 5 3 2 4 6 0
0 0 64 1 0 2 7 6 4 3 5
0 0 149 5 7 6 1 2 4 0 3
0 0 150 5 7 6 1 2 4 3 0
0 0 155 3 1 0 4 7 5 6 2
0 0 30 1 6 2 3 7 0 5 4
0 0 152 5 2 0 1 4 3 7 6
0 0 77 4 5 2 1 6 3 0 7
0 0 78 4 5 2 1 6 3 7 0
0 0 143 7 3 0 4 1 6 5 2
0 0 114 6 2 7 3 4 1 0 5
0 0 115 6 2 7 3 4 1 5 0
0 0 39 5 3 2 1 6 4 0 7
0 0 65 1 7 0 3 2 4 6 5
0 0 65 0 1 2 7 6 4 3 5
0 0 58 1 5 0 3 2 4 7 6
0 0 153 5 7 0 1 2 4 3 6
0 0 156 3 1 4 0 7 5 6 2
0 0 157 3 1 4 2 7 5 6 0
0 0 153 5 2 1 0 4 3 7 6
0 0 154 5 2 1 6 4 3 7 0
0 0 81 4 5 0 1 6 3 7 2
0 0 144 7 3 4 0 1 6 5 2
0 0 145 7 3 4 2 1 6 5 0
0 0 118 6 2 0 3 4 1 5 7
0 0 117 6 2 7 3 0 1 5 4
0 0 66 1 7 3 0 2 4 6 5
0 0 67 1 7 3 5 2 4 6 0
0 0 59 1 0 5 3 2 4 7 6
0 0 154 5 7 1 0 2 4 3 6
0 0 155 5 7 1 6 2 4 3 0
0 0 160 3 1 0 2 7 5 6 4
0 0 155 0 2 1 5 4 3 7 6
0 0 156 5 2 1 6 0 3 7 4
0 0 82 4 5 1 0 6 3 7 2
0 0 83 4 5 1 2 6 3 7 0
0 0 148 7 3 0 2 1 6 5 4
0 0 119 6 2 3 0 4 1 5 7
0 0 120 6 2 3 7 4 1 5 0
0 0 69 1 7 3 6 2 4 0 5
0 0 70 1 7 3 6 2 4 5 0
0 0 60 1 4 5 3 2 0 7 6
0 0 156 0 7 1 5 2 4 3 6
0 0 157 5 7 1 6 0 4 3 2
0 0 161 3 1 2 0 7 5 6 4
0 0 162 3 1 2 4 7 5 6 0
0 0 159 5 0 1 6 2 3 7 4
0 0 84 0 5 1 4 6 3 7 2
0 0 85 4 5 1 2 0 3 7 6
0 0 149 7 3 2 0 1 6 5 4
0 0 150 7 3 2 4 1 6 5 0
0 0 122 6 2 3 7 0 1 5 4
0 0 62 1 0 5 3 2 4 6 7
0 0 73 1 7 0 6 2 4 5 3
0 0 61 1 4 5 3 2 7 0 6
0 0 62 1 4 5 3 2 7 6 0
0 0 160 5 0 1 6 7 4 3 2
0 0 164 3 1 2 6 7 5 0 4
0 0 165 3 1 2 6 7 5 4 0
0 0 160 0 5 1 6 2 3 7 4
0 0 87 3 5 1 4 6 0 7 2
0 0 88 4 0 1 2 5 3 7 6
0 0 151 0 3 2 7 1 6 5 4
0 0 152 7 3 2 4 0 6 5 1
0 0 123 6 2 3 7 1 0 5 4
0 0 63 0 1 5 3 2 4 6 7
0 0 74 1 7 6 0 2 4 5 3
0 0 75 1 7 6 3 2 4 5 0
0 0 65 1 4 0 3 2 7 6 5
0 0 161 5 1 0 6 7 4 3 2
0 0 145 7 1 4 3 6 0 5 2
0 0 168 3 1 0 6 7 5 4 2
0 0 163 3 5 1 6 2 0 7 4
0 0 88 3 5 1 4 0 6 7 2
0 0 90 3 5 1 4 2 6 7 0
0 0 154 6 3 2 7 1 0 5 4
0 0 155 7 0 2 4 3 6 5 1
0 0 124 6 0 3 7 1 2 5 4
0 0 66 4 1 5 3 2 0 6 7
0 0 77 1 7 6 5 2 4 0 3
0 0 78 1 7 6 5 2 4 3 0
0 0 66 1 4 3 0 2 7 6 5
0 0 67 1 4 3 5 2 7 6 0
0 0 146 7 0 4 3 6 1 5 2
0 0 169 3 1 6 0 7 5 4 2
0 0 170 3 1 6 2 7 5 4 0
0 0 91 3 0 1 4 5 6 7 2
0 0 93 3 5 0 4 2 6 7 1
0 0 155 6 3 2 7 1 5 0 4
0 0 156 6 3 2 7 1 5 4 0
0 0 125 6 3 0 7 1 2 5 4
0 0 67 4 1 5 3 2 6 0 7
0 0 68 4 1 5 3 2 6 7 0
0 0 80 1 7 6 5 0 4 3 2
0 0 69 1 4 3 6 2 7 0 5
0 0 70 1 4 3 6 2 7 5 0
0 0 147 7 4 0 3 6 1 5 2
0 0 148 0 7 4 3 1 6 5 2
0 0 173 3 1 0 2 7 5 4 6
0 0 92 3 1 0 4 5 6 7 2
0 0 94 3 0 5 4 2 6 7 1
0 0 47 5 0 3 2 6 4 7 1
0 0 159 6 3 0 7 1 5 4 2
0 0 126 6 3 7 0 1 2 5 4
0 0 127 6 3 7 4 1 2 5 0
0 0 71 4 1 0 3 2 6 7 5
0 0 83 1 0 6 5 7 4 3 2
0 0 37 4 1 6 0 7 5 2 3
0 0 38 4 1 6 3 7 5 2 0
0 0 148 7 4 3 0 6 1 5 2
0 0 149 7 4 3 2 6 1 5 0
0 0 174 3 0 1 2 7 5 4 6
0 0 93 3 1 4 0 5 6 7 2
0 0 94 3 1 4 2 5 6 7 0
0 0 48 0 5 3 2 6 4 7 1
0 0 160 6 3 7 0 1 5 4 2
0 0 161 6 3 7 2 1 5 4 0
0 0 130 6 3 0 4 1 2 5 7
0 0 72 4 1 3 0 2 6 7 5
0 0 73 4 1 3 5 2 6 7 0
0 0 40 4 1 6 2 7 5 0 3
0 0 41 4 1 6 2 7 5 3 0
0 0 151 7 4 3 5 6 1 0 2
0 0 152 7 4 3 5 6 1 2 0
0 0 175 0 3 1 2 7 5 4 6
0 0 96 3 1 4 7 5 6 0 2
0 0 97 3 1 4 7 5 6 2 0
0 0 51 4 5 3 2 6 0 7 1
0 0 163 6 3 7 4 1 5 0 2
0 0 164 6 3 7 4 1 5 2 0
0 0 131 6 3 4 0 1 2 5 7
0 0 132 6 3 4 7 1 2 5 0
0 0 76 4 1 0 5 2 6 7 3
0 0 60 4 6 3 2 7 5 0 1
0 0 61 4 6 3 2 7 5 1 0
0 0 63 0 2 6 5 3 4 1 7
0 0 155 7 4 0 5 6 1 2 3
0 0 178 5 3 1 2 7 0 4 6
0 0 132 3 6 2 0 4 7 1 5
0 0 100 3 1 0 7 5 6 2 4
0 0 52 4 5 3 2 6 7 0 1
0 0 53 4 5 3 2 6 7 1 0
0 0 167 6 3 0 4 1 5 2 7
0 0 134 6 3 4 5 1 2 0 7
0 0 135 6 3 4 5 1 2 7 0
0 0 77 4 0 1 5 2 6 7 3
0 0 65 5 1 7 3 2 0 6 4
0 0 63 4 6 3 2 0 5 1 7
0 0 66 4 2 6 5 3 0 1 7
0 0 156 7 4 5 0 6 1 2 3
0 0 157 7 4 5 3 6 1 2 0
0 0 134 0 6 2 3 4 7 1 5
0 0 101 3 1 7 0 5 6 2 4
0 0 102 3 1 7 4 5 6 2 0
0 0 56 4 5 0 2 6 7 1 3
0 0 168 6 3 4 0 1 5 2 7
0 0 169 6 3 4 7 1 5 2 0
0 0 138 6 3 0 5 1 2 7 4
0 0 78 0 4 1 5 2 6 7 3
0 0 66 5 1 7 3 2 6 0 4
0 0 67 5 1 7 3 2 6 4 0
0 0 67 4 2 6 5 3 1 0 7
0 0 68 4 2 6 5 3 1 7 0
0 0 160 7 4 0 3 6 1 2 5
0 0 137 7 6 2 3 4 0 1 5
0 0 104 3 1 7 2 5 6 0 4
0 0 105 3 1 7 2 5 6 4 0
0 0 57 4 5 2 0 6 7 1 3
0 0 58 4 5 2 3 6 7 1 0
0 0 171 6 3 4 7 0 5 2 1
0 0 139 6 3 5 0 1 2 7 4
0 0 140 6 3 5 4 1 2 7 0
0 0 60 7 2 1 0 5 6 4 3
0 0 70 5 1 0 3 2 6 4 7
0 0 61 7 2 1 3 0 6 4 5
0 0 71 4 2 0 5 3 1 7 6
0 0 161 7 4 2 3 6 1 0 5
0 0 162 7 4 2 3 6 1 5 0
0 0 35 4 3 0 2 5 7 1 6
0 0 108 3 1 0 2 5 6 4 7
0 0 60 4 5 2 1 6 7 0 3
0 0 61 4 5 2 1 6 7 3 0
0 0 174 6 0 4 7 3 5 2 1
0 0 141 0 3 5 6 1 2 7 4
0 0 143 6 3 0 4 1 2 7 5
0 0 63 7 2 1 4 5 6 0 3
0 0 64 7 2 1 4 5 6 3 0
0 0 62 7 2 1 3 6 0 4 5
0 0 72 4 2 5 0 3 1 7 6
0 0 73 4 2 5 6 3 1 7 0
0 0 164 7 4 2 3 0 1 5 6
0 0 36 4 0 3 2 5 7 1 6
0 0 109 3 1 2 0 5 6 4 7
0 0 110 3 1 2 7 5 6 4 0
0 0 64 4 5 0 1 6 7 3 2
0 0 175 6 4 0 7 3 5 2 1
0 0 144 2 3 5 6 1 0 7 4
0 0 144 6 0 3 4 1 2 7 5
0 0 63 7 2 4 3 5 6 0 1
0 0 64 7 2 4 3 5 6 1 0
0 0 63 7 2 1 3 6 4 0 5
0 0 64 7 2 1 3 6 4 5 0
0 0 76 4 2 0 6 3 1 7 5
0 0 167 7 0 2 3 4 1 5 6
0 0 37 0 4 3 2 5 7 1 6
0 0 112 3 1 2 4 5 6 0 7
0 0 113 3 1 2 4 5 6 7 0
0 0 65 4 5 1 0 6 7 3 2
0 0 66 4 5 1 2 6 7 3 0
0 0 145 2 3 5 6 1 7 0 4
0 0 146 2 3 5 6 1 7 4 0
0 0 59 3 6 2 1 7 5 0 4
0 0 66 7 2 4 3 0 6 1 5
0 0 66 2 5 3 6 0 1 7 4
0 0 68 2 5 3 6 4 1 7 0
0 0 77 4 0 2 6 3 1 7 5
0 0 168 7 2 0 3 4 1 5 6
0 0 40 7 4 3 2 5 0 1 6
0 0 140 3 6 5 0 4 7 2 1
0 0 115 3 1 2 4 0 6 7 5
0 0 68 4 5 1 3 6 7 0 2
0 0 69 4 5 1 3 6 7 2 0
0 0 77 4 5 0 1 2 7 6 3
0 0 149 2 3 0 6 1 7 4 5
0 0 60 3 6 2 1 7 0 5 4
0 0 67 7 2 4 3 6 0 1 5
0 0 69 2 0 3 6 5 1 7 4
0 0 71 2 5 0 6 4 1 7 3
0 0 78 0 4 2 6 3 1 7 5
0 0 169 7 2 3 0 4 1 5 6
0 0 170 7 2 3 6 4 1 5 0
0 0 142 0 6 5 3 4 7 2 1
0 0 118 3 0 2 4 1 6 7 5
0 0 66 7 2 3 1 0 6 4 5
0 0 72 4 5 0 3 6 7 2 1
0 0 78 4 5 1 0 2 7 6 3
0 0 79 4 5 1 3 2 7 6 0
0 0 61 3 6 2 1 0 7 5 4
0 0 63 3 6 2 1 4 7 5 0
0 0 70 2 3 0 6 5 1 7 4
0 0 72 2 5 6 0 4 1 7 3
0 0 73 2 5 6 3 4 1 7 0
0 0 172 7 2 3 5 4 1 0 6
0 0 173 7 2 3 5 4 1 6 0
0 0 145 7 6 5 3 4 0 2 1
0 0 119 3 2 0 4 1 6 7 5
0 0 69 7 0 3 1 2 6 4 5
0 0 73 4 5 3 0 6 7 2 1
0 0 74 4 5 3 1 6 7 2 0
0 0 82 4 5 0 3 2 7 6 1
0 0 41 5 3 1 0 6 7 2 4
0 0 64 3 6 2 0 4 7 5 1
0 0 71 2 3 6 0 5 1 7 4
0 0 72 2 3 6 4 5 1 7 0
0 0 76 2 5 0 3 4 1 7 6
0 0 41 5 3 2 0 1 6 7 4
0 0 176 7 2 0 5 4 1 6 3
0 0 146 7 6 5 3 4 2 0 1
0 0 147 7 6 5 3 4 2 1 0
0 0 70 7 3 0 1 2 6 4 5
0 0 75 0 5 3 4 6 7 2 1
0 0 76 4 5 3 1 0 7 2 6
0 0 83 4 5 3 0 2 7 6 1
0 0 84 4 5 3 1 2 7 6 0
0 0 66 0 6 2 3 4 7 5 1
0 0 74 2 3 6 7 5 1 0 4
0 0 75 2 3 6 7 5 1 4 0
0 0 77 2 0 5 3 4 1 7 6
0 0 43 0 3 2 5 1 6 7 4
0 0 177 7 2 5 0 4 1 6 3
0 0 178 7 2 5 3 4 1 6 0
0 0 150 7 6 0 3 4 2 1 5
0 0 71 7 3 1 0 2 6 4 5
0 0 72 7 3 1 5 2 6 4 0
0 0 79 4 0 3 1 5 7 2 6
0 0 86 4 5 3 6 2 7 0 1
0 0 87 4 5 3 6 2 7 1 0
0 0 69 7 6 2 3 4 0 5 1
0 0 67 1 6 4 3 2 0 7 5
0 0 78 2 3 0 7 5 1 4 6
0 0 78 0 2 5 3 4 1 7 6
0 0 46 6 3 2 5 1 0 7 4
0 0 180 7 2 5 6 4 1 0 3
0 0 181 7 2 5 6 4 1 3 0
0 0 151 7 6 3 0 4 2 1 5
0 0 152 7 6 3 5 4 2 1 0
0 0 75 7 3 0 5 2 6 4 1
0 0 80 0 4 3 1 5 7 2 6
0 0 47 1 4 3 5 6 0 7 2
0 0 90 4 5 0 6 2 7 1 3
0 0 70 7 6 2 3 4 5 0 1
0 0 71 7 6 2 3 4 5 1 0
0 0 79 2 3 7 0 5 1 4 6
0 0 80 2 3 7 6 5 1 4 0
0 0 47 6 3 2 5 1 7 0 4
0 0 48 6 3 2 5 1 7 4 0
0 0 184 7 2 0 6 4 1 3 5
0 0 154 7 6 3 1 4 2 0 5
0 0 155 7 6 3 1 4 2 5 0
0 0 76 7 3 5 0 2 6 4 1
0 0 77 7 3 5 1 2 6 4 0
0 0 48 1 4 3 5 0 6 7 2
0 0 50 1 4 3 5 2 6 7 0
0 0 70 1 2 4 3 6 0 7 5
0 0 74 7 6 0 3 4 5 1 2
0 0 82 2 3 7 4 5 1 0 6
0 0 83 2 3 7 4 5 1 6 0
0 0 46 0 5 1 4 3 7 2 6
0 0 50 6 3 2 5 0 7 4 1
0 0 185 7 2 6 0 4 1 3 5
0 0 186 7 2 6 5 4 1 3 0
0 0 158 7 6 0 1 4 2 5 3
0 0 79 7 3 5 4 2 6 0 1
0 0 80 7 3 5 4 2 6 1 0
0 0 47 5 3 4 2 0 6 7 1
0 0 53 1 4 0 5 2 6 7 3
0 0 71 1 2 4 3 6 7 0 5
0 0 72 1 2 4 3 6 7 5 0
0 0 65 0 3 2 1 5 6 4 7
0 0 86 2 3 0 4 5 1 6 7
0 0 49 7 5 1 4 3 0 2 6
0 0 53 6 0 2 5 3 7 4 1
0 0 188 7 2 6 3 4 1 0 5
0 0 189 7 2 6 3 4 1 5 0
0 0 159 7 6 1 0 4 2 5 3
0 0 160 7 6 1 3 4 2 5 0
0 0 83 7 3 0 4 2 6 1 5
0 0 50 5 0 4 2 3 6 7 1
0 0 54 1 4 5 0 2 6 7 3
0 0 55 1 4 5 3 2 6 7 0
0 0 75 1 2 0 3 6 7 5 4
0 0 68 6 3 2 1 5 0 4 7
0 0 87 2 3 4 0 5 1 6 7
0 0 88 2 3 4 7 5 1 6 0
0 0 54 0 6 2 5 3 7 4 1
0 0 46 6 0 2 4 3 5 7 1
0 0 191 7 2 6 3 0 1 5 4
0 0 162 7 6 1 5 4 2 0 3
0 0 163 7 6 1 5 4 2 3 0
0 0 84 7 3 4 0 2 6 1 5
0 0 85 7 3 4 5 2 6 1 0
0 0 57 1 4 5 7 2 6 0 3
0 0 58 1 4 5 7 2 6 3 0
0 0 76 1 2 3 0 6 7 5 4
0 0 77 1 2 3 4 6 7 5 0
0 0 90 2 3 4 6 5 1 0 7
0 0 91 2 3 4 6 5 1 7 0
0 0 57 7 6 2 5 3 0 4 1
0 0 47 6 2 0 4 3 5 7 1
0 0 194 7 0 6 3 2 1 5 4
0 0 64 0 2 1 3 6 4 7 5
0 0 166 7 6 0 5 4 2 3 1
0 0 86 0 3 4 7 2 6 1 5
0 0 88 7 3 0 5 2 6 1 4
0 0 73 3 6 4 1 0 5 2 7
0 0 61 1 4 0 7 2 6 3 5
0 0 79 1 2 3 5 6 7 0 4
0 0 80 1 2 3 5 6 7 4 0
0 0 49 5 7 4 6 0 1 2 3
0 0 93 2 3 4 6 0 1 7 5
0 0 58 7 6 2 5 0 3 4 1
0 0 60 7 6 2 5 1 3 4 0
0 0 195 7 6 0 3 2 1 5 4
0 0 67 4 2 1 3 6 0 7 5
0 0 167 7 6 5 0 4 2 3 1
0 0 168 7 6 5 1 4 2 3 0
0 0 89 7 0 3 5 2 6 1 4
0 0 76 3 0 4 1 6 5 2 7
0 0 62 1 4 7 0 2 6 3 5
0 0 63 1 4 7 5 2 6 3 0
0 0 83 1 2 0 5 6 7 4 3
0 0 50 0 7 4 6 5 1 2 3
0 0 96 2 0 4 6 3 1 7 5
0 0 61 7 0 2 5 6 3 4 1
0 0 63 7 6 0 5 1 3 4 2
0 0 196 7 6 3 0 2 1 5 4
0 0 197 7 6 3 4 2 1 5 0
0 0 169 0 6 5 7 4 2 3 1
0 0 170 7 6 5 1 0 2 3 4
0 0 90 0 7 3 5 2 6 1 4
0 0 77 3 4 0 1 6 5 2 7
0 0 65 1 4 7 3 2 6 0 5
0 0 66 1 4 7 3 2 6 5 0
0 0 84 1 2 5 0 6 7 4 3
0 0 85 1 2 5 3 6 7 4 0
0 0 97 2 4 0 6 3 1 7 5
0 0 62 7 2 0 5 6 3 4 1
0 0 64 7 6 5 0 1 3 4 2
0 0 65 7 6 5 2 1 3 4 0
0 0 200 7 6 0 4 2 1 5 3
0 0 172 2 6 5 7 4 0 3 1
0 0 173 7 0 5 1 6 2 3 4
0 0 93 6 7 3 5 2 0 1 4
0 0 78 3 4 1 0 6 5 2 7
0 0 79 3 4 1 7 6 5 2 0
0 0 69 1 4 0 3 2 6 5 7
0 0 87 1 2 5 4 6 7 0 3
0 0 88 1 2 5 4 6 7 3 0
0 0 98 2 4 6 0 3 1 7 5
0 0 99 2 4 6 5 3 1 7 0
0 0 67 7 6 5 4 1 3 0 2
0 0 68 7 6 5 4 1 3 2 0
0 0 201 7 6 4 0 2 1 5 3
0 0 202 7 6 4 3 2 1 5 0
0 0 174 7 5 0 1 6 2 3 4
0 0 94 6 7 3 5 2 1 0 4
0 0 95 6 7 3 5 2 1 4 0
0 0 82 3 4 0 7 6 5 2 1
0 0 70 1 4 3 0 2 6 5 7
0 0 71 1 4 3 7 2 6 5 0
0 0 91 1 2 0 4 6 7 3 5
0 0 101 2 4 6 7 3 1 0 5
0 0 102 2 4 6 7 3 1 5 0
0 0 68 3 2 7 5 6 0 4 1
0 0 71 7 6 0 4 1 3 2 5
0 0 204 7 6 4 5 2 1 0 3
0 0 205 7 6 4 5 2 1 3 0
0 0 175 7 5 1 0 6 2 3 4
0 0 176 7 5 1 4 6 2 3 0
0 0 98 6 7 0 5 2 1 4 3
0 0 83 3 4 7 0 6 5 2 1
0 0 84 3 4 7 1 6 5 2 0
0 0 73 1 4 3 7 0 6 5 2
0 0 92 1 2 4 0 6 7 3 5
0 0 93 1 2 4 5 6 7 3 0
0 0 105 2 4 0 7 3 1 5 6
0 0 69 3 2 7 5 0 6 4 1
0 0 71 3 2 7 5 1 6 4 0
0 0 78 5 0 3 4 7 6 2 1
0 0 208 7 6 0 5 2 1 3 4
0 0 178 7 5 1 3 6 2 0 4
0 0 179 7 5 1 3 6 2 4 0
0 0 99 6 7 5 0 2 1 4 3
0 0 100 6 7 5 3 2 1 4 0
0 0 86 3 4 7 1 0 5 2 6
0 0 74 1 4 3 7 6 0 5 2
0 0 94 0 2 4 1 6 7 3 5
0 0 95 1 2 4 5 0 7 3 6
0 0 106 2 4 7 0 3 1 5 6
0 0 107 2 4 7 6 3 1 5 0
0 0 74 3 2 0 5 1 6 4 7
0 0 79 0 5 3 4 7 6 2 1
0 0 209 7 6 5 0 2 1 3 4
0 0 210 7 6 5 4 2 1 3 0
0 0 182 7 5 0 3 6 2 4 1
0 0 102 6 7 5 4 2 1 0 3
0 0 103 6 7 5 4 2 1 3 0
0 0 89 3 0 7 1 4 5 2 6
0 0 75 1 4 3 7 6 5 0 2
0 0 76 1 4 3 7 6 5 2 0
0 0 98 1 0 4 5 2 7 3 6
0 0 109 2 4 7 5 3 1 0 6
0 0 110 2 4 7 5 3 1 6 0
0 0 75 3 2 5 0 1 6 4 7
0 0 76 3 2 5 7 1 6 4 0
0 0 211 0 6 5 7 2 1 3 4
0 0 213 7 6 0 4 2 1 3 5
0 0 183 7 5 3 0 6 2 4 1
0 0 184 7 5 3 1 6 2 4 0
0 0 106 6 7 0 4 2 1 3 5
0 0 90 3 7 0 1 4 5 2 6
0 0 73 3 4 2 5 6 0 1 7
0 0 79 1 4 0 7 6 5 2 3
0 0 99 1 4 0 5 2 7 3 6
0 0 42 5 6 3 7 2 1 0 4
0 0 43 5 6 3 7 2 1 4 0
0 0 77 0 2 5 3 1 6 4 7
0 0 79 3 2 0 7 1 6 4 5
0 0 214 1 6 5 7 2 0 3 4
0 0 214 7 0 6 4 2 1 3 5
0 0 186 7 5 3 4 6 2 0 1
0 0 187 7 5 3 4 6 2 1 0
0 0 107 6 7 4 0 2 1 3 5
0 0 108 6 7 4 5 2 1 3 0
0 0 74 3 4 2 5 6 1 0 7
0 0 75 3 4 2 5 6 1 7 0
0 0 100 1 4 5 0 2 7 3 6
0 0 101 1 4 5 6 2 7 3 0
0 0 46 5 6 0 7 2 1 4 3
0 0 80 6 2 5 3 1 0 4 7
0 0 80 3 0 2 7 1 6 4 5
0 0 215 1 6 5 7 2 3 0 4
0 0 216 1 6 5 7 2 3 4 0
0 0 74 6 3 2 5 0 4 1 7
0 0 190 7 5 0 4 6 2 1 3
0 0 110 6 7 4 3 2 1 0 5
0 0 111 6 7 4 3 2 1 5 0
0 0 71 3 2 5 7 6 0 4 1
0 0 78 3 4 0 5 6 1 7 2
0 0 102 0 4 5 1 2 7 3 6
0 0 103 1 4 5 6 0 7 3 2
0 0 47 5 6 7 0 2 1 4 3
0 0 48 5 6 7 3 2 1 4 0
0 0 81 0 3 2 7 1 6 4 5
0 0 45 5 6 7 4 0 1 3 2
0 0 219 1 6 0 7 2 3 4 5
0 0 77 6 0 2 5 3 4 1 7
0 0 191 7 5 4 0 6 2 1 3
0 0 192 7 5 4 3 6 2 1 0
0 0 114 6 7 0 3 2 1 5 4
0 0 72 3 0 5 7 6 2 4 1
0 0 79 3 4 5 0 6 1 7 2
0 0 80 3 4 5 2 6 1 7 0
0 0 106 1 0 5 6 4 7 3 2
0 0 49 0 6 7 5 2 1 4 3
0 0 51 5 6 0 3 2 1 4 7
0 0 84 6 3 2 7 1 0 4 5
0 0 48 5 0 7 4 6 1 3 2
0 0 220 1 6 7 0 2 3 4 5
0 0 221 1 6 7 5 2 3 4 0
0 0 194 7 5 4 1 6 2 0 3
0 0 195 7 5 4 1 6 2 3 0
0 0 115 6 7 3 0 2 1 5 4
0 0 116 6 7 3 4 2 1 5 0
0 0 82 3 4 5 7 6 1 0 2
0 0 83 3 4 5 7 6 1 2 0
0 0 107 1 5 0 6 4 7 3 2
0 0 52 1 6 7 5 2 0 4 3
0 0 52 5 0 6 3 2 1 4 7
0 0 85 6 3 2 7 1 4 0 5
0 0 86 6 3 2 7 1 4 5 0
0 0 223 1 6 7 4 2 3 0 5
0 0 224 1 6 7 4 2 3 5 0
0 0 79 1 3 4 7 6 2 0 5
0 0 197 7 5 4 1 0 2 3 6
0 0 117 0 7 3 6 2 1 5 4
0 0 118 6 7 3 4 0 1 5 2
0 0 80 0 1 7 3 2 4 6 5
0 0 86 3 4 0 7 6 1 2 5
0 0 108 1 5 6 0 4 7 3 2
0 0 109 1 5 6 2 4 7 3 0
0 0 53 0 5 6 3 2 1 4 7
0 0 66 0 5 2 6 7 1 4 3
0 0 89 6 3 0 7 1 4 5 2
0 0 45 5 4 0 3 6 1 7 2
0 0 227 1 6 0 4 2 3 5 7
0 0 80 1 3 4 7 6 0 2 5
0 0 200 7 0 4 1 5 2 3 6
0 0 120 1 7 3 6 2 0 5 4
0 0 121 6 0 3 4 7 1 5 2
0 0 83 4 1 7 3 2 0 6 5
0 0 87 3 4 7 0 6 1 2 5
0 0 88 3 4 7 5 6 1 2 0
0 0 112 1 5 0 2 4 7 3 6
0 0 56 1 5 6 3 2 0 4 7
0 0 69 1 5 2 6 7 0 4 3
0 0 90 6 3 7 0 1 4 5 2
0 0 91 6 3 7 2 1 4 5 0
0 0 228 1 6 4 0 2 3 5 7
0 0 229 1 6 4 7 2 3 5 0
0 0 201 7 4 0 1 5 2 3 6
0 0 121 1 7 3 6 2 5 0 4
0 0 122 1 7 3 6 2 5 4 0
0 0 84 4 1 7 3 0 2 6 5
0 0 86 4 1 7 3 5 2 6 0
0 0 90 3 4 7 5 0 1 2 6
0 0 113 1 5 2 0 4 7 3 6
0 0 114 1 5 2 6 4 7 3 0
0 0 70 1 5 2 6 7 4 0 3
0 0 71 1 5 2 6 7 4 3 0
0 0 94 6 3 0 2 1 4 5 7
0 0 231 1 6 4 5 2 3 0 7
0 0 232 1 6 4 5 2 3 7 0
0 0 202 7 4 1 0 5 2 3 6
0 0 203 7 4 1 6 5 2 3 0
0 0 125 1 7 0 6 2 5 4 3
0 0 87 4 0 7 3 1 2 6 5
0 0 89 4 1 0 3 5 2 6 7
0 0 93 3 0 7 5 4 1 2 6
0 0 116 1 5 2 3 4 7 0 6
0 0 117 1 5 2 3 4 7 6 0
0 0 86 3 0 1 6 2 4 5 7
0 0 74 1 5 0 6 7 4 3 2
0 0 95 6 0 3 2 1 4 5 7
0 0 85 3 1 7 6 4 0 5 2
0 0 235 1 6 0 5 2 3 7 4
0 0 205 7 4 1 3 5 2 0 6
0 0 206 7 4 1 3 5 2 6 0
0 0 126 1 0 7 6 2 5 4 3
0 0 88 0 4 7 3 1 2 6 5
0 0 90 4 1 3 0 5 2 6 7
0 0 91 4 1 3 7 5 2 6 0
0 0 64 5 0 7 2 3 6 4 1
0 0 120 1 5 0 3 4 7 6 2
0 0 87 0 3 1 6 2 4 5 7
0 0 75 1 5 6 0 7 4 3 2
0 0 76 1 5 6 2 7 4 3 0
0 0 86 3 1 7 6 4 5 0 2
0 0 87 3 1 7 6 4 5 2 0
0 0 75 2 1 3 7 0 5 4 6
0 0 209 7 4 0 3 5 2 6 1
0 0 127 0 1 7 6 2 5 4 3
0 0 91 2 4 7 3 1 0 6 5
0 0 93 4 1 3 6 5 2 0 7
0 0 94 4 1 3 6 5 2 7 0
0 0 65 0 5 7 2 3 6 4 1
0 0 121 1 5 3 0 4 7 6 2
0 0 122 1 5 3 2 4 7 6 0
0 0 78 1 5 6 3 7 4 0 2
0 0 79 1 5 6 3 7 4 2 0
0 0 56 5 6 1 0 3 2 7 4
0 0 90 3 1 0 6 4 5 2 7
0 0 76 2 1 3 7 5 0 4 6
0 0 210 7 4 3 0 5 2 6 1
0 0 211 7 4 3 1 5 2 6 0
0 0 92 2 4 7 3 1 6 0 5
0 0 93 2 4 7 3 1 6 5 0
0 0 97 4 1 0 6 5 2 7 3
0 0 68 6 5 7 2 3 0 4 1
0 0 123 0 5 3 1 4 7 6 2
0 0 125 1 5 0 2 4 7 6 3
0 0 55 0 6 4 3 5 7 1 2
0 0 82 1 5 0 3 7 4 2 6
0 0 59 5 6 1 7 3 2 0 4
0 0 60 5 6 1 7 3 2 4 0
0 0 77 2 1 3 7 5 4 0 6
0 0 78 2 1 3 7 5 4 6 0
0 0 214 7 4 0 1 5 2 6 3
0 0 68 0 4 3 6 5 1 2 7
0 0 96 2 4 0 3 1 6 5 7
0 0 98 4 1 6 0 5 2 7 3
0 0 99 4 1 6 3 5 2 7 0
0 0 126 7 5 3 1 4 0 6 2
0 0 126 1 0 5 2 4 7 6 3
0 0 58 7 6 4 3 5 0 1 2
0 0 83 1 5 3 0 7 4 2 6
0 0 84 1 5 3 6 7 4 2 0
0 0 63 5 6 0 7 3 2 4 1
0 0 57 0 5 1 4 6 2 7 3
0 0 81 2 1 0 7 5 4 6 3
0 0 215 7 0 4 1 5 2 6 3
0 0 71 1 4 3 6 5 0 2 7
0 0 97 2 0 4 3 1 6 5 7
0 0 101 4 1 6 7 5 2 0 3
0 0 102 4 1 6 7 5 2 3 0
0 0 127 7 0 3 1 4 5 6 2
0 0 127 0 1 5 2 4 7 6 3
0 0 59 7 6 4 3 5 1 0 2
0 0 60 7 6 4 3 5 1 2 0
0 0 86 1 5 3 6 0 4 2 7
0 0 64 5 6 7 0 3 2 4 1
0 0 65 5 6 7 1 3 2 4 0
0 0 82 2 1 7 0 5 4 6 3
0 0 83 2 1 7 3 5 4 6 0
0 0 72 1 4 3 6 0 5 2 7
0 0 74 1 4 3 6 7 5 2 0
0 0 79 2 1 7 3 6 5 0 4
0 0 105 4 1 0 7 5 2 3 6
0 0 128 7 3 0 1 4 5 6 2
0 0 130 7 1 5 2 4 0 6 3
0 0 99 6 3 5 2 7 1 0 4
0 0 63 7 6 0 3 5 1 2 4
0 0 87 1 5 3 6 4 0 2 7
0 0 66 0 6 7 5 3 2 4 1
0 0 68 5 6 0 1 3 2 4 7
0 0 85 2 1 7 6 5 4 0 3
0 0 86 2 1 7 6 5 4 3 0
0 0 75 1 0 3 6 4 5 2 7
0 0 77 1 4 0 6 7 5 2 3
0 0 80 2 1 7 3 6 0 5 4
0 0 106 4 1 7 0 5 2 3 6
0 0 107 4 1 7 6 5 2 3 0
0 0 131 7 1 5 2 4 6 0 3
0 0 132 7 1 5 2 4 6 3 0
0 0 64 7 6 3 0 5 1 2 4
0 0 65 7 6 3 4 5 1 2 0
0 0 69 2 6 7 5 3 0 4 1
0 0 67 6 0 7 5 3 2 4 1
0 0 84 0 7 3 1 5 2 6 4
0 0 89 2 1 0 6 5 4 3 7
0 0 76 1 3 0 6 4 5 2 7
0 0 78 1 4 6 0 7 5 2 3
0 0 79 1 4 6 3 7 5 2 0
0 0 108 0 1 7 4 5 2 3 6
0 0 109 4 1 7 6 0 2 3 5
0 0 71 5 6 2 1 7 0 4 3
0 0 135 7 1 0 2 4 6 3 5
0 0 67 7 6 3 2 5 1 0 4
0 0 68 7 6 3 2 5 1 4 0
0 0 70 2 6 7 5 0 3 4 1
0 0 72 2 6 7 5 1 3 4 0
0 0 87 2 7 3 1 5 0 6 4
0 0 90 2 1 6 0 5 4 3 7
0 0 91 2 1 6 7 5 4 3 0
0 0 81 1 4 6 2 7 5 0 3
0 0 82 1 4 6 2 7 5 3 0
0 0 81 1 4 6 3 0 5 2 7
0 0 110 4 1 7 6 2 0 3 5
0 0 72 5 6 2 1 7 4 0 3
0 0 73 5 6 2 1 7 4 3 0
0 0 103 6 3 5 4 0 1 2 7
0 0 71 7 6 0 2 5 1 4 3
0 0 73 2 0 7 5 6 3 4 1
0 0 75 2 6 0 5 1 3 4 7
0 0 88 2 7 3 1 5 6 0 4
0 0 89 2 7 3 1 5 6 4 0
0 0 93 2 1 6 7 0 4 3 5
0 0 85 5 7 3 0 2 6 4 1
0 0 85 1 4 0 2 7 5 3 6
0 0 84 1 0 6 3 4 5 2 7
0 0 111 4 1 7 6 2 3 0 5
0 0 112 4 1 7 6 2 3 5 0
0 0 76 5 6 0 1 7 4 3 2
0 0 106 6 0 5 4 3 1 2 7
0 0 72 7 6 2 0 5 1 4 3
0 0 73 7 6 2 3 5 1 4 0
0 0 76 2 6 5 0 1 3 4 7
0 0 77 2 6 5 7 1 3 4 0
0 0 92 2 7 0 1 5 6 4 3
0 0 96 2 0 6 7 1 4 3 5
0 0 87 0 7 3 5 2 6 4 1
0 0 86 1 4 2 0 7 5 3 6
0 0 87 1 4 2 6 7 5 3 0
0 0 77 5 4 0 2 7 1 6 3
0 0 115 4 1 0 6 2 3 5 7
0 0 77 5 6 1 0 7 4 3 2
0 0 78 5 6 1 2 7 4 3 0
0 0 79 5 4 6 2 0 1 3 7
0 0 75 7 6 2 3 0 1 4 5
0 0 79 2 6 5 4 1 3 0 7
0 0 80 2 6 5 4 1 3 7 0
0 0 93 2 7 1 0 5 6 4 3
0 0 94 2 7 1 3 5 6 4 0
0 0 90 6 7 3 5 2 0 4 1
0 0 89 1 4 2 3 7 5 0 6
0 0 90 1 4 2 3 7 5 6 0
0 0 78 5 0 4 2 7 1 6 3
0 0 116 4 1 6 0 2 3 5 7
0 0 117 4 1 6 7 2 3 5 0
0 0 81 5 6 0 2 7 4 3 1
0 0 82 5 0 6 2 4 1 3 7
0 0 78 7 0 2 3 6 1 4 5
0 0 88 7 3 4 6 2 5 0 1
0 0 83 2 6 0 4 1 3 7 5
0 0 96 2 7 1 4 5 6 0 3
0 0 97 2 7 1 4 5 6 3 0
0 0 91 6 7 3 5 2 4 0 1
0 0 92 6 7 3 5 2 4 1 0
0 0 93 1 4 0 3 7 5 6 2
0 0 79 5 1 4 2 7 0 6 3
0 0 119 4 1 6 5 2 3 0 7
0 0 120 4 1 6 5 2 3 7 0
0 0 82 5 0 6 2 7 4 3 1
0 0 83 0 5 6 2 4 1 3 7
0 0 79 7 2 0 3 6 1 4 5
0 0 89 7 3 4 6 2 0 5 1
0 0 84 2 6 4 0 1 3 7 5
0 0 85 2 6 4 5 1 3 7 0
0 0 100 2 7 0 4 5 6 3 1
0 0 90 5 3 1 4 7 2 0 6
0 0 95 6 7 0 5 2 4 1 3
0 0 94 1 4 3 0 7 5 6 2
0 0 95 1 4 3 2 7 5 6 0
0 0 94 5 7 6 3 4 2 0 1
0 0 95 5 7 6 3 4 2 1 0
0 0 83 0 5 6 2 7 4 3 1
0 0 86 1 5 6 2 4 0 3 7
0 0 80 7 2 3 0 6 1 4 5
0 0 81 7 2 3 5 6 1 4 0
0 0 87 2 6 4 7 1 3 0 5
0 0 88 2 6 4 7 1 3 5 0
0 0 101 2 7 4 0 5 6 3 1
0 0 102 2 7 4 1 5 6 3 0
0 0 96 6 7 5 0 2 4 1 3
0 0 97 6 7 5 3 2 4 1 0
0 0 97 1 4 3 2 0 5 6 7
0 0 110 6 3 4 0 7 1 5 2
0 0 98 5 7 0 3 4 2 1 6
0 0 85 2 5 6 0 7 4 3 1
0 0 86 2 5 6 1 7 4 3 0
0 0 83 7 2 3 4 6 1 0 5
0 0 84 7 2 3 4 6 1 5 0
0 0 84 5 4 2 6 0 1 3 7
0 0 91 2 6 0 7 1 3 5 4
0 0 104 2 7 4 3 5 6 0 1
0 0 105 2 7 4 3 5 6 1 0
0 0 99 6 7 5 1 2 4 0 3
0 0 100 6 7 5 1 2 4 3 0
0 0 100 1 0 3 2 4 5 6 7
0 0 112 0 3 4 6 7 1 5 2
0 0 99 5 7 3 0 4 2 1 6
0 0 100 5 7 3 6 4 2 1 0
0 0 89 2 5 0 1 7 4 3 6
0 0 90 5 0 3 6 2 7 1 4
0 0 87 7 2 0 4 6 1 5 3
0 0 85 5 4 2 6 1 0 3 7
0 0 92 2 6 7 0 1 3 5 4
0 0 93 2 6 7 4 1 3 5 0
0 0 108 2 7 0 3 5 6 1 4
0 0 93 2 0 1 3 6 5 7 4
0 0 103 6 7 0 1 2 4 3 5
0 0 101 1 3 0 2 4 5 6 7
0 0 115 1 3 4 6 7 0 5 2
0 0 101 0 7 3 5 4 2 1 6
0 0 103 5 7 0 6 4 2 1 3
0 0 90 2 5 1 0 7 4 3 6
0 0 91 2 5 1 6 7 4 3 0
0 0 88 7 2 4 0 6 1 5 3
0 0 89 7 2 4 3 6 1 5 0
0 0 94 0 6 7 2 1 3 5 4
0 0 95 2 6 7 4 0 3 5 1
0 0 109 2 7 3 0 5 6 1 4
0 0 110 2 7 3 4 5 6 1 0
0 0 104 6 7 1 0 2 4 3 5
0 0 105 6 7 1 5 2 4 3 0
0 0 116 1 3 4 6 0 7 5 2
0 0 118 1 3 4 6 2 7 5 0
0 0 104 5 0 7 6 4 2 1 3
0 0 93 2 5 1 3 7 4 0 6
0 0 94 2 5 1 3 7 4 6 0
0 0 91 7 2 4 5 6 1 0 3
0 0 92 7 2 4 5 6 1 3 0
0 0 97 3 6 7 2 1 0 5 4
0 0 98 2 0 7 4 6 3 5 1
0 0 111 0 7 3 2 5 6 1 4
0 0 112 2 7 3 4 0 6 1 5
0 0 107 6 7 1 3 2 4 0 5
0 0 108 6 7 1 3 2 4 5 0
0 0 119 1 0 4 6 3 7 5 2
0 0 121 1 3 0 6 2 7 5 4
0 0 105 0 5 7 6 4 2 1 3
0 0 89 5 0 4 3 7 1 6 2
0 0 97 2 5 0 3 7 4 6 1
0 0 95 7 5 6 1 3 0 4 2
0 0 95 7 2 0 5 6 1 3 4
0 0 98 3 6 7 2 1 5 0 4
0 0 99 3 6 7 2 1 5 4 0
0 0 114 6 7 3 2 5 0 1 4
0 0 115 2 0 3 4 7 6 1 5
0 0 77 4 2 3 5 1 0 7 6
0 0 111 6 7 0 3 2 4 5 1
0 0 120 1 4 0 6 3 7 5 2
0 0 122 1 3 6 0 2 7 5 4
0 0 123 1 3 6 4 2 7 5 0
0 0 90 0 5 4 3 7 1 6 2
0 0 98 2 5 3 0 7 4 6 1
0 0 99 2 5 3 1 7 4 6 0
0 0 96 7 2 5 0 6 1 3 4
0 0 97 7 2 5 4 6 1 3 0
0 0 102 3 6 0 2 1 5 4 7
0 0 115 6 7 3 2 5 1 0 4
0 0 116 6 7 3 2 5 1 4 0
0 0 78 4 2 3 5 1 7 0 6
0 0 79 4 2 3 5 1 7 6 0
0 0 121 1 4 5 6 3 7 0 2
0 0 122 1 4 5 6 3 7 2 0
0 0 126 1 3 0 4 2 7 5 6
0 0 93 1 5 4 3 7 0 6 2
0 0 101 2 5 3 6 7 4 0 1
0 0 102 2 5 3 6 7 4 1 0
0 0 99 7 2 5 3 6 1 0 4
0 0 100 7 2 5 3 6 1 4 0
0 0 103 3 6 2 0 1 5 4 7
0 0 104 3 6 2 7 1 5 4 0
0 0 119 6 7 0 2 5 1 4 3
0 0 79 5 2 4 6 1 0 7 3
0 0 82 4 2 0 5 1 7 6 3
0 0 97 5 7 6 3 2 1 0 4
0 0 125 1 4 0 6 3 7 2 5
0 0 127 1 0 3 4 2 7 5 6
0 0 94 1 5 4 3 7 6 0 2
0 0 95 1 5 4 3 7 6 2 0
0 0 105 2 5 0 6 7 4 1 3
0 0 119 1 0 2 6 7 3 5 4
0 0 102 7 2 5 3 0 1 4 6
0 0 106 3 6 2 4 1 5 0 7
0 0 107 3 6 2 4 1 5 7 0
0 0 120 6 7 2 0 5 1 4 3
0 0 121 6 7 2 3 5 1 4 0
0 0 83 4 2 5 0 1 7 6 3
0 0 84 4 2 5 3 1 7 6 0
0 0 126 1 4 6 0 3 7 2 5
0 0 127 1 4 6 5 3 7 2 0
0 0 93 0 4 3 2 5 1 6 7
0 0 98 1 5 0 3 7 6 2 4
0 0 106 2 5 6 0 7 4 1 3
0 0 107 2 5 6 3 7 4 1 0
0 0 105 7 0 5 3 2 1 4 6
0 0 80 0 2 3 5 1 4 7 6
0 0 110 3 6 0 4 1 5 7 2
0 0 123 6 7 2 4 5 1 0 3
0 0 124 6 7 2 4 5 1 3 0
0 0 86 4 2 5 6 1 7 0 3
0 0 87 4 2 5 6 1 7 3 0
0 0 129 1 4 6 2 3 7 0 5
0 0 130 1 4 6 2 3 7 5 0
0 0 94 4 0 3 2 5 1 6 7
0 0 99 1 5 3 0 7 6 2 4
0 0 100 1 5 3 4 7 6 2 0
0 0 109 2 5 6 3 0 4 1 7
0 0 106 7 5 0 3 2 1 4 6
0 0 82 5 2 3 0 1 4 7 6
0 0 83 5 2 3 6 1 4 7 0
0 0 96 0 5 3 2 4 1 6 7
0 0 127 6 7 0 4 5 1 3 2
0 0 81 5 1 3 4 2 0 7 6
0 0 90 4 2 0 6 1 7 3 5
0 0 53 0 5 3 7 4 2 6 1
0 0 133 1 4 0 2 3 7 5 6
0 0 95 4 3 0 2 5 1 6 7
0 0 102 1 5 3 2 7 6 0 4
0 0 103 1 5 3 2 7 6 4 0
0 0 112 2 0 6 3 5 4 1 7
0 0 107 7 5 3 0 2 1 4 6
0 0 108 7 5 3 6 2 1 4 0
0 0 86 5 2 0 6 1 4 7 3
0 0 98 2 5 3 0 4 1 6 7
0 0 99 2 5 3 7 4 1 6 0
0 0 82 5 1 3 4 2 7 0 6
0 0 83 5 1 3 4 2 7 6 0
0 0 56 2 5 3 7 4 0 6 1
0 0 134 1 4 2 0 3 7 5 6
0 0 135 1 4 2 6 3 7 5 0
0 0 97 1 4 3 0 7 6 2 5
0 0 106 1 5 0 2 7 6 4 3
0 0 113 2 6 0 3 5 4 1 7
0 0 110 7 5 3 4 2 1 0 6
0 0 111 7 5 3 4 2 1 6 0
0 0 87 5 2 6 0 1 4 7 3
0 0 88 5 2 6 3 1 4 7 0
0 0 102 2 5 0 7 4 1 6 3
0 0 84 2 3 5 6 0 4 7 1
0 0 86 5 1 0 4 2 7 6 3
0 0 57 2 5 3 7 4 6 0 1
0 0 58 2 5 3 7 4 6 1 0
0 0 137 1 4 2 6 0 7 5 3
0 0 99 0 4 3 1 7 6 2 5
0 0 107 1 5 2 0 7 6 4 3
0 0 108 1 5 2 3 7 6 4 0
0 0 85 4 3 6 5 1 2 0 7
0 0 114 7 5 0 4 2 1 6 3
0 0 90 5 2 6 7 1 4 0 3
0 0 91 5 2 6 7 1 4 3 0
0 0 103 2 5 7 0 4 1 6 3
0 0 104 2 5 7 3 4 1 6 0
0 0 87 5 1 4 0 2 7 6 3
0 0 88 5 1 4 3 2 7 6 0
0 0 61 2 5 0 7 4 6 1 3
0 0 140 1 0 2 6 4 7 5 3
0 0 102 6 4 3 1 7 0 2 5
0 0 110 1 5 2 4 7 6 0 3
0 0 111 1 5 2 4 7 6 3 0
0 0 86 4 3 6 5 1 0 2 7
0 0 115 7 5 4 0 2 1 6 3
0 0 116 7 5 4 3 2 1 6 0
0 0 94 5 2 0 7 1 4 3 6
0 0 49 2 5 4 3 0 7 1 6
0 0 106 2 5 7 3 0 1 6 4
0 0 90 5 1 4 6 2 7 0 3
0 0 91 5 1 4 6 2 7 3 0
0 0 62 2 5 7 0 4 6 1 3
0 0 63 2 5 7 3 4 6 1 0
0 0 103 6 4 3 1 7 2 0 5
0 0 104 6 4 3 1 7 2 5 0
0 0 114 1 5 0 4 7 6 3 2
0 0 87 4 3 6 5 0 1 2 7
0 0 89 4 3 6 5 7 1 2 0
0 0 119 7 5 0 3 2 1 6 4
0 0 95 5 2 7 0 1 4 3 6
0 0 96 5 2 7 6 1 4 3 0
0 0 109 2 0 7 3 5 1 6 4
0 0 88 4 3 6 0 1 2 5 7
0 0 93 5 1 4 6 0 7 3 2
0 0 65 2 5 7 1 4 6 0 3
0 0 66 2 5 7 1 4 6 3 0
0 0 109 2 0 3 7 1 5 6 4
0 0 107 6 4 0 1 7 2 5 3
0 0 115 1 5 4 0 7 6 3 2
0 0 116 1 5 4 2 7 6 3 0
0 0 92 4 3 0 5 7 1 2 6
0 0 120 7 5 6 3 2 1 0 4
0 0 121 7 5 6 3 2 1 4 0
0 0 99 5 2 0 6 1 4 3 7
0 0 110 2 7 0 3 5 1 6 4
0 0 90 0 3 6 4 1 2 5 7
0 0 96 5 0 4 6 1 7 3 2
0 0 102 1 4 5 3 7 6 0 2
0 0 69 2 5 0 1 4 6 3 7
0 0 110 0 2 3 7 1 5 6 4
0 0 108 6 4 1 0 7 2 5 3
0 0 109 6 4 1 3 7 2 5 0
0 0 118 1 5 4 2 0 6 3 7
0 0 93 4 3 5 0 7 1 2 6
0 0 94 4 3 5 6 7 1 2 0
0 0 123 7 5 6 3 0 1 4 2
0 0 122 7 5 6 0 2 1 4 3
0 0 111 2 7 3 0 5 1 6 4
0 0 112 2 7 3 4 5 1 6 0
0 0 97 5 4 0 6 1 7 3 2
0 0 103 1 4 5 3 7 0 6 2
0 0 70 2 5 1 0 4 6 3 7
0 0 71 2 5 1 7 4 6 3 0
0 0 111 6 4 1 5 7 2 0 3
0 0 112 6 4 1 5 7 2 3 0
0 0 121 1 0 4 2 5 6 3 7
0 0 96 4 3 5 2 7 1 0 6
0 0 97 4 3 5 2 7 1 6 0
0 0 126 7 0 6 3 5 1 4 2
0 0 124 0 5 6 7 2 1 4 3
0 0 113 0 7 3 2 5 1 6 4
0 0 114 2 7 3 4 0 1 6 5
0 0 98 5 4 6 0 1 7 3 2
0 0 99 5 4 6 2 1 7 3 0
0 0 73 2 5 1 3 4 6 0 7
0 0 74 2 5 1 3 4 6 7 0
0 0 104 1 4 5 2 7 0 6 3
0 0 115 6 4 0 5 7 2 3 1
0 0 122 1 4 0 2 5 6 3 7
0 0 103 0 3 4 1 7 5 6 2
0 0 100 4 3 0 2 7 1 6 5
0 0 127 0 7 6 3 5 1 4 2
0 0 125 2 5 6 7 0 1 4 3
0 0 127 2 5 6 7 3 1 4 0
0 0 117 2 0 3 4 7 1 6 5
0 0 101 5 4 6 3 1 7 0 2
0 0 102 5 4 6 3 1 7 2 0
0 0 92 2 3 7 5 0 4 6 1
0 0 77 2 5 0 3 4 6 7 1
0 0 105 1 4 5 2 0 7 6 3
0 0 107 1 4 5 2 3 7 6 0
0 0 123 1 4 2 0 5 6 3 7
0 0 124 1 4 2 7 5 6 3 0
0 0 101 4 3 2 0 7 1 6 5
0 0 102 4 3 2 5 7 1 6 0
0 0 128 2 0 6 7 5 1 4 3
0 0 130 2 5 0 7 3 1 4 6
0 0 118 2 3 0 4 7 1 6 5
0 0 108 1 4 3 2 7 6 0 5
0 0 105 5 4 0 3 1 7 2 6
0 0 95 2 0 7 5 3 4 6 1
0 0 78 2 5 3 0 4 6 7 1
0 0 79 2 5 3 1 4 6 7 0
0 0 108 1 4 5 0 3 7 6 2
0 0 126 1 4 2 3 5 6 0 7
0 0 127 1 4 2 3 5 6 7 0
0 0 104 4 3 2 6 7 1 0 5
0 0 105 4 3 2 6 7 1 5 0
0 0 129 2 6 0 7 5 1 4 3
0 0 131 2 5 7 0 3 1 4 6
0 0 132 2 5 7 6 3 1 4 0
0 0 109 1 4 3 2 7 0 6 5
0 0 106 5 4 3 0 1 7 2 6
0 0 107 5 4 3 6 1 7 2 0
0 0 80 0 5 3 2 4 6 7 1
0 0 81 2 5 3 1 0 6 7 4
0 0 110 0 4 5 1 3 7 6 2
0 0 136 1 3 4 2 7 0 5 6
0 0 130 1 4 0 3 5 6 7 2
0 0 137 1 3 4 0 7 5 6 2
0 0 108 4 3 0 6 7 1 5 2
0 0 130 2 6 7 0 5 1 4 3
0 0 131 2 6 7 3 5 1 4 0
0 0 135 2 5 0 6 3 1 4 7
0 0 110 1 4 3 2 0 7 6 5
0 0 112 1 4 3 2 5 7 6 0
0 0 110 5 4 0 6 1 7 2 3
0 0 83 6 5 3 2 4 0 7 1
0 0 84 2 0 3 1 5 6 7 4
0 0 113 7 4 5 1 3 0 6 2
0 0 137 1 0 4 2 7 3 5 6
0 0 131 1 4 3 0 5 6 7 2
0 0 132 1 4 3 2 5 6 7 0
0 0 109 4 3 6 0 7 1 5 2
0 0 110 4 3 6 2 7 1 5 0
0 0 134 2 6 0 3 5 1 4 7
0 0 136 2 0 5 6 3 1 4 7
0 0 113 1 0 3 2 4 7 6 5
0 0 113 1 4 3 2 5 7 0 6
0 0 111 5 0 4 6 1 7 2 3
0 0 84 6 5 3 2 4 7 0 1
0 0 85 6 5 3 2 4 7 1 0
0 0 114 7 4 5 1 3 6 0 2
0 0 115 7 4 5 1 3 6 2 0
0 0 134 1 4 3 7 5 6 0 2
0 0 135 1 4 3 7 5 6 2 0
0 0 111 0 3 6 4 7 1 5 2
0 0 112 4 3 6 2 0 1 5 7
0 0 135 2 6 3 0 5 1 4 7
0 0 136 2 6 3 7 5 1 4 0
0 0 114 1 3 0 2 4 7 6 5
0 0 114 1 4 3 2 5 0 7 6
0 0 112 0 5 4 6 1 7 2 3
0 0 92 0 4 1 2 6 5 3 7
0 0 88 6 5 0 2 4 7 1 3
0 0 93 2 4 1 7 0 5 3 6
0 0 118 7 4 0 1 3 6 2 5
0 0 99 0 3 6 2 1 4 5 7
0 0 138 1 4 0 7 5 6 2 3
0 0 112 3 0 6 4 7 1 5 2
0 0 115 4 0 6 2 3 1 5 7
0 0 138 2 6 3 4 5 1 0 7
0 0 139 2 6 3 4 5 1 7 0
0 0 115 1 3 2 0 4 7 6 5
0 0 116 1 3 2 5 4 7 6 0
0 0 115 7 5 4 6 1 0 2 3
0 0 95 5 4 1 2 6 0 3 7
0 0 89 6 5 2 0 4 7 1 3
0 0 90 6 5 2 3 4 7 1 0
0 0 119 7 4 1 0 3 6 2 5
0 0 120 7 4 1 5 3 6 2 0
0 0 139 1 4 7 0 5 6 2 3
0 0 140 1 4 7 3 5 6 2 0
0 0 116 4 6 0 2 3 1 5 7
0 0 101 2 3 6 5 1 0 4 7
0 0 142 2 6 0 4 5 1 7 3
0 0 118 1 3 2 6 4 7 0 5
0 0 119 1 3 2 6 4 7 5 0
0 0 116 7 0 4 6 1 5 2 3
0 0 96 5 4 1 2 6 3 0 7
0 0 97 5 4 1 2 6 3 7 0
0 0 93 6 5 0 3 4 7 1 2
0 0 122 7 4 1 2 3 6 0 5
0 0 123 7 4 1 2 3 6 5 0
0 0 142 1 4 7 2 5 6 0 3
0 0 143 1 4 7 2 5 6 3 0
0 0 117 4 6 2 0 3 1 5 7
0 0 118 4 6 2 7 3 1 5 0
0 0 143 2 6 4 0 5 1 7 3
0 0 144 2 6 4 3 5 1 7 0
0 0 122 1 3 0 6 4 7 5 2
0 0 117 7 4 0 6 1 5 2 3
0 0 58 1 2 3 7 0 4 6 5
0 0 60 1 2 3 7 5 4 6 0
0 0 94 6 0 5 3 4 7 1 2
0 0 104 0 3 6 5 2 4 7 1
0 0 126 7 4 0 2 3 6 5 1
0 0 104 2 3 6 5 4 0 7 1
0 0 145 1 4 7 2 0 6 3 5
0 0 120 4 6 2 5 3 1 0 7
0 0 121 4 6 2 5 3 1 7 0
0 0 145 0 6 4 2 5 1 7 3
0 0 147 2 6 0 3 5 1 7 4
0 0 123 1 3 6 0 4 7 5 2
0 0 124 1 3 6 2 4 7 5 0
0 0 61 1 0 3 7 2 4 6 5
0 0 63 1 2 0 7 5 4 6 3
0 0 61 1 2 3 7 5 4 0 6
0 0 107 4 3 6 5 2 0 7 1
0 0 127 7 4 2 0 3 6 5 1
0 0 128 7 4 2 1 3 6 5 0
0 0 146 1 4 7 2 6 0 3 5
0 0 147 1 5 2 4 3 0 6 7
0 0 124 4 6 0 5 3 1 7 2
0 0 148 1 6 4 2 5 0 7 3
0 0 148 2 0 6 3 5 1 7 4
0 0 126 1 3 6 5 4 7 0 2
0 0 127 1 3 6 5 4 7 2 0
0 0 62 1 3 0 7 2 4 6 5
0 0 64 1 0 2 7 5 4 6 3
0 0 62 1 2 3 7 5 0 4 6
0 0 108 4 3 6 5 2 7 0 1
0 0 109 4 3 6 5 2 7 1 0
0 0 130 7 4 2 1 0 6 5 3
0 0 147 1 0 7 2 6 4 3 5
0 0 148 1 5 2 4 3 6 0 7
0 0 149 1 5 2 4 3 6 7 0
0 0 149 1 6 4 2 5 7 0 3
0 0 150 1 6 4 2 5 7 3 0
0 0 67 0 2 1 6 5 7 4 3
0 0 130 1 3 0 5 4 7 2 6
0 0 63 1 3 7 0 2 4 6 5
0 0 64 1 3 7 5 2 4 6 0
0 0 63 1 0 3 7 5 2 4 6
0 0 65 6 0 4 5 2 7 1 3
0 0 112 4 3 0 5 2 7 1 6
0 0 133 7 0 2 1 4 6 5 3
0 0 148 1 7 0 2 6 4 3 5
0 0 128 2 3 6 4 0 7 1 5
0 0 152 1 5 0 4 3 6 7 2
0 0 122 6 0 3 1 7 4 5 2
0 0 153 1 6 0 2 5 7 3 4
0 0 70 7 2 1 6 5 0 4 3
0 0 131 1 3 5 0 4 7 2 6
0 0 132 1 3 5 6 4 7 2 0
0 0 67 1 3 0 5 2 4 6 7
0 0 64 1 3 0 7 5 2 4 6
0 0 66 6 7 4 5 2 0 1 3
0 0 113 4 3 5 0 2 7 1 6
0 0 114 4 3 5 6 2 7 1 0
0 0 149 1 7 2 0 6 4 3 5
0 0 150 1 7 2 5 6 4 3 0
0 0 153 1 5 4 0 3 6 7 2
0 0 154 1 5 4 2 3 6 7 0
0 0 154 1 6 2 0 5 7 3 4
0 0 155 1 6 2 4 5 7 3 0
0 0 134 1 3 5 2 4 7 0 6
0 0 135 1 3 5 2 4 7 6 0
0 0 68 1 3 5 0 2 4 6 7
0 0 69 1 3 5 7 2 4 6 0
