0 0 0 1 3 5 7 2 0 4 6
0 0 1 1 0 5 7 2 3 4 6
0 0 1 1 3 5 7 0 2 4 6
0 0 3 1 3 5 7 6 2 4 0
0 0 2 1 5 0 7 2 3 4 6
0 0 4 1 0 5 7 3 2 4 6
0 0 4 1 3 5 7 6 2 0 4
0 0 6 1 3 0 7 6 2 4 5
0 0 3 1 5 7 0 2 3 4 6
0 0 4 1 5 7 6 2 3 4 0
0 0 5 1 5 0 7 3 2 4 6
0 0 5 1 3 5 7 6 0 2 4
0 0 5 0 5 7 1 2 3 4 6
0 0 6 1 5 7 4 2 3 0 6
0 0 7 1 5 7 4 2 3 6 0
0 0 7 1 5 0 6 2 3 4 7
0 0 6 1 3 5 7 0 6 2 4
0 0 8 1 3 5 7 4 6 2 0
0 0 8 3 5 7 1 2 0 4 6
0 0 7 1 3 4 7 6 2 0 5
0 0 8 1 3 4 7 6 2 5 0
0 0 9 1 0 5 7 3 6 2 4
0 0 9 1 3 5 7 4 6 0 2
0 0 11 1 3 0 7 4 6 2 5
0 0 9 3 5 7 1 2 4 0 6
0 0 10 3 5 7 1 2 4 6 0
0 0 10 1 3 4 7 0 2 5 6
0 0 10 1 5 0 7 3 6 2 4
0 0 10 1 3 5 7 4 0 6 2
0 0 12 1 3 7 0 4 6 2 5
0 0 13 1 3 7 5 4 6 2 0
0 0 6 5 0 7 1 2 3 4 6
0 0 13 1 0 4 7 3 2 5 6
0 0 11 1 5 7 0 3 6 2 4
0 0 12 1 5 7 4 3 6 2 0
0 0 11 1 3 5 7 0 4 6 2
0 0 13 1 3 5 7 2 4 6 0
